53 51 21 45 32 
14 33 41 51 34 
45 34 11 33 14 
33 61 12 21 41 
31 25 14 21 22 
15 53 43 25 43 
51 14 61 14 21 
34 34 52 25 45 
15 54 53 53 33 
31 45 43 54 35 
11 22 43 23 32 
21 23 23 43 22 
13 35 35 42 31 
53 51 12 24 54 
44 34 54 21 41 
12 11 31 31 11 
11 53 35 15 51 
34 41 34 14 61 
41 11 25 34 24 
45 42 43 42 25 
35 21 32 13 21 
24 13 13 45 53 
53 13 42 11 15 
61 34 51 43 31 
13 33 44 42 15 
51 54 44 45 51 
15 13 21 21 54 
23 35 31 22 35 
61 51 31 33 32 
61 55 31 55 12 
34 34 31 53 14 
22 33 13 33 21 
11 53 53 15 34 
24 42 51 22 44 
61 42 32 42 11 
45 32 25 51 55 
23 43 14 14 33 
25 33 45 51 35 
15 13 34 61 35 
12 61 14 35 24 
35 52 12 52 51 
12 13 12 15 35 
44 35 23 54 12 
34 15 44 25 33 
61 14 13 54 22 
41 42 61 42 11 
54 61 42 34 42 
45 34 53 61 21 
25 43 31 53 34 
45 55 43 33 32 
31 61 15 23 13 
15 45 54 25 13 
23 41 12 42 53 
55 54 45 32 45 
52 15 25 42 14 
25 13 33 42 32 
55 54 15 54 43 
55 12 23 55 13 
11 35 22 45 11 
14 12 14 24 23 
41 22 31 22 55 
31 32 15 32 22 
12 35 55 61 12 
34 51 21 14 11 
14 55 42 33 61 
15 34 32 11 61 
32 15 25 52 51 
13 61 61 13 61 
41 11 55 22 61 
14 32 21 42 44 
45 53 42 44 33 
23 44 12 45 52 
13 12 31 14 22 
23 11 41 23 44 
43 23 23 45 11 
52 25 51 45 51 
11 53 55 51 12 
14 21 23 45 15 
21 44 44 61 14 
32 51 11 52 15 
44 51 12 51 42 
34 13 44 45 43 
53 21 21 45 53 
52 15 25 32 13 
53 24 31 44 41 
34 24 22 35 43 
43 33 33 24 25 
11 14 53 51 21 
53 41 34 14 32 
45 45 22 45 43 
31 55 24 41 53 
14 35 52 33 31 
12 54 33 11 41 
33 15 53 52 31 
52 55 23 52 25 
15 45 44 45 42 
42 61 44 52 25 
53 45 42 51 22 
15 33 25 42 14 
15 15 24 11 43 
