32 53 31 25 35 
22 13 34 45 25 
24 41 42 45 51 
12 13 33 45 22 
12 51 33 41 44 
35 25 24 53 11 
15 54 53 41 12 
34 52 52 42 44 
25 52 24 31 45 
12 32 14 44 15 
45 14 52 25 11 
53 32 42 53 31 
42 21 43 61 42 
35 61 22 43 13 
43 14 25 51 52 
12 34 52 22 41 
51 53 14 43 22 
35 24 23 61 35 
23 33 54 41 52 
14 42 25 43 12 
61 55 44 22 33 
24 12 45 24 51 
23 43 55 12 23 
23 42 51 43 24 
31 13 31 41 13 
21 35 52 13 54 
45 23 22 45 15 
53 21 41 55 52 
13 12 11 14 14 
43 34 43 31 55 
55 12 51 11 13 
24 15 35 43 24 
22 23 44 45 32 
52 55 13 43 34 
54 11 43 24 55 
13 42 51 21 13 
55 55 45 44 44 
54 21 31 52 51 
52 44 24 31 12 
45 13 45 21 11 
43 31 44 13 11 
33 41 54 43 14 
42 44 41 12 44 
35 44 55 25 42 
43 11 42 41 52 
41 22 33 31 31 
53 12 53 11 34 
11 31 61 51 34 
53 44 15 54 33 
43 43 51 31 25 
42 22 43 35 34 
32 25 53 61 25 
23 13 15 12 34 
61 11 33 35 25 
23 32 34 43 34 
51 25 42 61 32 
52 51 12 21 15 
54 52 44 25 15 
32 33 12 23 52 
33 14 41 53 11 
24 13 43 34 12 
15 55 53 44 25 
53 51 13 11 43 
14 12 41 54 22 
25 61 55 25 25 
41 45 12 32 33 
53 11 21 12 54 
45 43 54 31 25 
13 45 42 22 52 
52 43 11 23 24 
35 42 53 11 15 
13 44 14 13 41 
31 53 35 53 54 
12 42 44 54 52 
21 15 42 34 44 
53 21 55 15 14 
14 15 23 33 33 
51 13 21 15 33 
32 45 42 42 44 
22 54 24 12 45 
24 33 55 54 34 
54 12 22 44 24 
42 44 23 53 24 
54 23 23 33 54 
61 25 44 52 55 
31 51 34 12 11 
23 24 54 35 24 
51 44 31 33 35 
45 53 44 32 33 
44 44 54 45 43 
33 53 44 41 15 
14 32 42 54 24 
41 55 22 44 43 
43 21 41 55 61 
41 13 33 33 55 
45 34 34 51 42 
21 24 15 53 21 
35 42 51 45 13 
43 61 44 43 41 
25 52 13 14 24 
