13 14 14 35 51 
23 61 44 11 35 
54 44 35 41 32 
13 52 21 15 33 
22 31 53 34 54 
42 61 41 15 14 
13 21 23 22 13 
23 25 13 23 35 
14 53 14 51 52 
51 52 35 43 52 
41 21 24 45 54 
13 14 35 24 31 
22 44 31 33 13 
43 53 14 34 35 
41 32 53 24 52 
23 51 34 13 44 
33 22 45 44 24 
42 15 34 14 12 
22 15 22 44 34 
35 24 35 53 61 
22 31 44 35 53 
13 31 35 41 43 
41 23 41 24 31 
22 11 44 25 51 
13 34 22 14 15 
54 13 24 32 24 
43 52 42 33 45 
42 12 23 51 55 
24 23 61 21 13 
43 22 54 55 52 
32 22 23 32 53 
32 23 41 61 35 
52 13 44 11 45 
12 21 41 24 45 
32 54 54 21 15 
21 13 43 51 24 
31 52 61 45 52 
55 13 22 41 11 
55 41 25 21 11 
54 23 61 15 31 
51 51 54 61 34 
25 45 53 53 55 
13 24 31 53 53 
24 61 13 33 45 
31 44 54 21 12 
41 15 35 21 11 
33 25 54 45 12 
25 35 35 44 12 
11 32 54 52 13 
35 32 22 42 61 
42 24 13 52 42 
51 42 11 45 11 
55 32 35 24 22 
33 32 52 31 45 
31 35 43 21 54 
24 11 35 34 44 
43 15 42 15 22 
13 13 51 61 33 
35 43 11 25 12 
31 44 33 22 15 
24 22 11 23 55 
55 24 12 43 44 
22 15 32 14 15 
53 61 61 24 12 
41 42 53 45 31 
21 24 24 45 32 
43 33 12 61 32 
44 45 43 54 52 
23 35 35 32 52 
11 24 13 13 14 
41 45 12 44 31 
24 35 34 44 23 
31 54 51 61 34 
22 45 55 33 35 
23 15 41 25 21 
34 24 51 33 25 
51 11 55 25 32 
54 53 42 52 43 
41 22 43 11 61 
35 22 33 41 35 
55 55 52 42 44 
53 22 32 44 61 
21 33 22 61 45 
34 15 43 53 31 
53 23 43 23 22 
11 42 24 12 31 
61 34 61 22 61 
35 35 11 51 11 
45 21 25 15 55 
15 14 43 12 44 
11 23 15 24 53 
41 42 33 43 25 
14 34 42 35 51 
45 12 54 35 25 
21 52 42 32 11 
61 24 51 12 23 
31 15 25 23 33 
25 13 42 25 41 
45 24 13 44 15 
55 21 61 25 54 
