41 13 14 34 11 
22 31 55 34 13 
35 25 55 61 35 
45 32 11 15 34 
12 51 41 33 23 
35 24 41 54 61 
54 33 14 25 23 
41 33 25 41 52 
54 15 61 61 24 
12 21 11 25 52 
43 23 45 45 22 
53 45 32 11 61 
43 31 13 44 55 
61 52 12 55 24 
21 23 25 52 43 
52 33 15 34 15 
21 21 35 41 55 
23 44 32 31 43 
44 14 43 24 32 
25 55 51 32 55 
34 24 55 34 35 
23 32 11 31 44 
12 23 51 35 42 
52 14 61 53 25 
34 43 31 44 12 
13 45 13 12 22 
53 42 31 43 31 
45 45 13 61 32 
34 15 23 14 45 
32 11 42 12 51 
34 23 34 33 35 
15 32 14 44 32 
42 12 11 24 35 
25 32 11 23 51 
52 44 55 13 22 
34 35 23 42 35 
24 45 41 51 51 
11 24 33 22 12 
12 35 44 31 24 
23 13 53 42 23 
54 14 54 44 23 
25 12 32 35 23 
44 31 13 13 13 
13 21 35 11 24 
25 22 44 51 35 
34 12 45 11 35 
55 45 51 53 55 
32 61 52 23 41 
44 13 53 23 31 
24 32 61 25 11 
25 44 52 21 35 
31 43 33 52 41 
45 24 41 24 21 
41 44 31 12 61 
13 21 31 51 13 
45 22 43 14 45 
33 22 12 24 52 
24 25 12 25 45 
22 51 12 22 32 
21 61 52 55 33 
12 41 13 31 34 
12 43 54 32 31 
52 61 14 61 11 
24 44 11 35 41 
53 11 35 25 35 
43 44 12 45 22 
51 42 54 51 25 
45 22 42 45 25 
41 53 52 14 61 
33 41 45 54 23 
44 12 51 54 31 
44 54 35 12 52 
54 14 21 61 41 
55 44 15 55 15 
42 15 11 51 25 
32 33 23 21 43 
12 45 52 11 31 
44 53 45 13 14 
34 33 55 15 61 
55 34 13 43 11 
54 12 12 52 13 
44 43 51 24 51 
43 43 22 11 21 
34 11 51 61 61 
45 24 53 31 52 
32 45 43 54 34 
54 13 45 23 34 
35 22 51 22 25 
44 45 12 55 44 
34 15 52 51 14 
21 61 32 44 21 
41 34 51 23 25 
51 53 13 61 12 
34 54 44 24 22 
14 24 41 54 32 
54 34 11 24 13 
43 34 43 24 55 
45 35 14 34 24 
23 61 13 34 15 
54 44 43 14 14 
