35 42 22 55 44 
43 11 53 35 31 
42 44 55 53 11 
33 45 52 23 51 
21 25 11 23 34 
53 43 24 53 43 
35 15 35 14 25 
13 45 34 11 31 
12 35 12 12 32 
44 51 25 45 42 
44 25 43 43 33 
41 55 31 15 54 
11 33 15 12 42 
31 21 45 41 42 
43 55 13 11 43 
44 11 21 32 52 
32 55 23 51 12 
13 55 14 12 52 
22 32 45 43 52 
35 44 44 12 25 
44 42 54 54 11 
14 51 53 21 31 
42 11 35 31 51 
35 54 35 13 44 
31 13 23 51 23 
13 25 45 51 35 
23 33 22 21 43 
21 25 42 21 13 
51 14 15 11 41 
33 33 32 21 55 
25 52 41 33 61 
23 42 15 53 55 
24 44 54 52 44 
45 21 12 61 24 
43 61 13 61 33 
11 52 55 54 51 
15 31 31 45 14 
31 25 44 61 54 
52 45 14 43 35 
54 53 42 33 35 
25 24 52 22 42 
24 13 33 41 11 
55 42 22 32 25 
24 61 41 35 33 
12 35 44 43 44 
55 32 35 45 35 
44 53 11 44 61 
33 11 12 32 24 
42 22 51 15 52 
45 54 33 44 31 
34 55 25 21 61 
35 51 41 33 43 
53 54 22 13 24 
15 21 43 43 21 
21 13 25 51 15 
32 45 52 25 51 
34 23 25 43 43 
53 32 42 25 41 
41 15 35 61 42 
31 25 42 41 22 
21 22 14 41 52 
31 32 11 42 41 
54 34 51 55 44 
55 22 52 45 53 
53 15 45 22 53 
21 51 22 45 41 
44 23 43 22 35 
42 34 24 53 53 
43 15 45 14 21 
13 52 12 11 14 
34 51 55 55 34 
25 13 55 55 12 
43 23 54 24 22 
51 42 55 35 11 
35 11 44 51 15 
13 11 25 21 22 
52 24 52 21 52 
52 41 43 41 41 
24 42 44 32 61 
43 61 54 32 55 
51 55 24 53 12 
55 15 14 44 45 
12 11 31 13 52 
42 31 21 41 41 
42 35 32 42 51 
22 14 44 42 22 
25 23 44 14 35 
61 31 35 13 15 
61 54 15 55 13 
33 25 12 44 45 
11 24 12 45 34 
11 43 12 43 35 
11 14 23 51 14 
13 22 41 12 42 
52 12 31 43 11 
13 55 61 53 52 
54 21 51 24 55 
35 61 11 11 11 
12 34 21 24 55 
61 24 52 32 53 
