25 41 15 42 45 
51 41 22 51 42 
23 22 54 32 33 
31 22 24 15 54 
15 54 31 12 12 
25 44 34 34 52 
51 25 42 54 52 
13 21 61 15 41 
23 45 43 33 31 
41 52 44 21 33 
43 55 45 13 15 
44 12 12 51 21 
32 55 32 44 51 
51 13 11 43 34 
15 45 21 25 33 
61 21 45 61 61 
13 34 35 35 44 
31 14 32 55 51 
52 25 33 33 54 
12 61 23 25 13 
21 12 44 23 45 
25 15 55 54 11 
34 52 51 14 34 
12 55 14 51 53 
51 54 22 12 23 
41 31 45 24 55 
34 24 44 42 51 
33 61 55 21 13 
42 52 25 15 15 
61 43 15 13 53 
24 41 12 13 13 
15 11 44 14 15 
31 32 32 41 23 
54 53 12 32 24 
11 44 23 44 21 
42 52 24 43 23 
12 52 15 13 41 
43 14 52 43 42 
41 41 21 42 45 
11 52 41 12 12 
61 23 42 34 54 
24 61 15 14 53 
61 35 43 32 53 
41 24 22 11 21 
52 11 44 61 41 
14 52 34 23 53 
52 14 11 33 51 
51 35 12 23 15 
33 35 13 42 55 
22 23 42 55 21 
34 33 21 32 45 
41 42 43 23 35 
53 23 33 45 33 
13 31 41 25 24 
32 24 24 53 15 
53 41 15 21 22 
32 52 32 14 24 
12 44 52 22 22 
61 11 34 14 42 
33 61 45 13 35 
15 55 31 34 44 
14 34 61 31 44 
24 35 53 21 11 
12 42 23 53 55 
24 61 51 45 14 
14 32 24 22 22 
51 23 25 14 25 
55 25 11 13 61 
13 33 42 25 32 
52 21 55 53 15 
11 32 45 44 33 
32 42 22 24 33 
43 52 35 35 14 
53 42 42 24 15 
55 15 11 35 13 
14 32 35 12 53 
11 15 31 42 33 
35 55 31 21 32 
25 54 43 23 42 
52 34 55 55 54 
51 55 53 45 41 
12 25 34 55 15 
32 44 24 35 32 
44 42 45 23 33 
45 54 25 42 44 
44 44 14 21 33 
44 45 54 24 54 
24 32 31 24 55 
33 54 33 33 11 
34 52 15 24 52 
44 51 24 31 23 
12 35 24 22 51 
51 54 61 22 21 
34 43 13 44 51 
52 31 35 15 43 
32 55 45 43 21 
35 14 15 51 14 
31 42 35 12 55 
52 21 12 14 24 
12 51 53 24 54 
