11 14 41 13 11 
41 23 13 45 44 
12 44 51 35 54 
14 44 33 22 61 
25 15 11 23 15 
54 23 55 54 53 
31 45 41 24 25 
11 53 45 51 52 
45 42 24 13 35 
35 34 15 31 15 
13 43 42 41 51 
35 43 15 53 42 
35 54 14 52 52 
51 44 13 25 43 
54 32 33 13 44 
52 44 23 13 22 
52 45 44 45 22 
53 15 54 53 25 
45 23 14 55 24 
14 61 13 22 53 
44 52 44 22 22 
33 53 33 13 12 
23 23 22 32 14 
21 43 41 22 61 
12 13 21 43 52 
34 51 31 41 33 
12 44 22 55 52 
11 32 25 33 42 
13 13 43 43 31 
22 34 55 42 51 
22 24 35 61 13 
25 23 51 31 14 
21 55 32 13 42 
43 31 13 42 43 
53 43 41 53 61 
52 45 61 25 43 
21 35 61 43 41 
25 25 12 43 54 
13 31 61 61 41 
14 34 51 24 41 
53 31 22 53 13 
12 23 31 24 54 
11 42 41 42 22 
21 15 25 33 45 
43 51 11 54 31 
61 14 53 55 25 
54 21 44 52 32 
41 43 15 61 52 
55 55 25 34 13 
42 55 23 53 55 
43 11 55 43 52 
54 23 24 14 21 
45 55 24 61 12 
23 31 25 31 43 
22 61 25 51 61 
34 52 11 61 15 
41 52 54 24 24 
32 32 15 52 32 
11 44 22 12 13 
51 61 24 42 41 
42 54 22 24 32 
54 35 51 23 15 
41 42 52 34 61 
54 33 33 51 12 
31 52 42 13 25 
41 13 24 53 13 
42 43 34 44 33 
12 44 24 55 61 
55 25 42 23 22 
24 61 21 55 61 
14 55 53 21 45 
51 22 25 24 23 
43 53 24 44 22 
53 51 54 22 43 
42 61 51 12 12 
22 55 33 45 13 
53 41 12 25 34 
15 11 54 51 35 
35 13 13 51 14 
33 31 12 54 53 
21 23 31 12 31 
61 31 44 51 61 
34 31 14 45 42 
24 23 22 15 52 
52 55 11 61 12 
23 11 35 13 13 
41 14 53 35 24 
55 33 43 13 15 
54 52 51 22 22 
44 22 25 41 61 
34 13 31 31 61 
51 12 55 14 52 
24 13 45 25 25 
53 15 31 11 32 
32 61 14 21 52 
55 15 31 21 12 
15 33 34 55 52 
15 25 23 45 14 
43 22 24 23 51 
61 55 54 35 35 
