22 44 25 11 22 
15 54 12 35 35 
44 42 53 41 35 
23 45 43 35 52 
42 21 23 53 32 
12 44 25 24 54 
25 53 24 14 31 
51 41 54 15 45 
21 42 12 14 21 
61 15 22 45 53 
55 23 21 54 41 
52 24 24 12 52 
15 35 31 32 13 
52 25 34 53 12 
44 54 33 22 15 
55 12 44 34 41 
41 23 44 55 25 
33 44 44 31 54 
31 11 34 31 52 
14 45 11 12 14 
54 44 31 21 44 
54 45 23 14 25 
35 15 51 23 54 
44 24 24 13 31 
12 43 41 35 52 
32 41 34 43 53 
35 32 55 45 24 
41 43 41 12 21 
42 11 25 12 51 
15 51 45 45 23 
52 33 23 32 52 
41 12 13 34 43 
45 15 14 54 13 
12 15 35 52 34 
44 21 33 15 22 
55 34 14 54 14 
54 44 55 24 25 
21 41 25 44 14 
43 24 42 42 13 
42 61 41 22 12 
51 45 43 54 25 
55 35 33 45 44 
43 22 54 53 33 
14 45 42 23 11 
33 12 13 42 54 
14 13 45 22 31 
14 13 13 45 25 
12 22 44 12 42 
45 42 61 11 13 
11 22 45 13 41 
54 44 55 35 44 
43 14 13 11 54 
15 13 55 33 21 
14 61 52 21 31 
44 22 51 12 61 
41 13 55 22 25 
51 15 25 23 52 
43 61 35 24 44 
12 45 35 25 23 
24 31 25 23 21 
24 22 14 31 41 
54 15 41 41 42 
23 22 15 35 44 
14 53 43 42 54 
44 24 51 42 15 
51 24 42 61 34 
51 53 41 45 15 
44 44 23 51 23 
11 11 22 51 15 
42 42 12 53 24 
25 22 51 22 33 
51 12 24 43 12 
52 35 21 22 61 
24 14 11 54 15 
44 43 44 12 53 
13 22 51 51 43 
22 23 45 45 23 
53 54 32 32 55 
51 15 32 11 35 
13 41 12 52 12 
45 42 51 53 23 
23 43 23 35 55 
31 21 45 34 15 
61 25 24 43 45 
34 15 35 34 14 
45 44 11 13 21 
31 43 24 32 13 
51 24 32 32 12 
45 42 52 21 34 
42 61 41 61 45 
53 14 44 31 14 
33 45 35 35 43 
33 52 14 25 32 
23 33 34 53 11 
43 32 33 12 15 
25 24 13 53 25 
33 14 52 45 35 
43 12 21 15 41 
13 25 42 33 12 
11 54 54 52 13 
