12 51 54 14 12 
41 54 12 22 45 
55 13 61 42 11 
12 53 33 52 21 
25 53 44 23 25 
22 61 42 32 44 
53 32 14 24 53 
54 12 24 42 31 
61 41 45 45 11 
24 15 22 11 52 
34 35 53 41 21 
21 35 43 22 51 
43 34 24 51 42 
15 22 22 34 44 
22 35 21 24 24 
52 21 23 22 14 
21 61 35 34 44 
13 31 43 21 55 
25 31 55 23 54 
24 23 11 25 35 
25 41 25 33 33 
51 31 24 33 55 
41 25 43 61 55 
14 31 12 34 23 
13 22 42 42 52 
51 44 13 34 44 
44 43 51 42 43 
14 31 24 51 43 
25 21 52 23 54 
53 42 43 12 12 
13 55 54 21 11 
55 53 22 23 52 
14 43 61 11 44 
31 34 13 43 32 
12 44 11 23 14 
42 15 54 54 25 
54 45 22 12 44 
33 45 15 61 13 
24 53 12 51 41 
14 24 55 32 24 
15 35 55 12 41 
41 33 15 11 52 
53 42 41 53 45 
51 33 25 15 61 
15 41 25 15 43 
54 15 12 33 33 
13 32 23 12 12 
55 25 12 45 21 
31 42 35 14 14 
53 53 14 35 24 
32 12 35 53 22 
42 23 14 12 32 
21 54 55 42 42 
13 35 24 34 24 
14 45 24 23 11 
53 52 24 12 33 
34 33 21 25 11 
44 33 11 35 22 
51 42 23 34 24 
22 61 23 54 15 
42 43 42 45 32 
15 34 61 51 21 
52 42 25 24 25 
52 52 44 45 15 
33 33 25 31 11 
11 13 54 33 15 
14 35 44 11 44 
23 24 34 13 43 
41 13 34 33 32 
44 13 13 45 23 
55 33 25 34 11 
15 52 45 54 32 
23 51 14 52 15 
53 33 35 22 22 
53 53 31 53 31 
44 25 32 32 31 
15 45 14 54 44 
31 24 52 11 44 
31 42 12 25 35 
41 45 53 34 45 
55 11 45 15 45 
51 44 61 61 52 
15 55 35 25 34 
11 34 35 51 51 
12 53 44 52 14 
21 45 15 53 25 
15 12 43 25 25 
35 14 33 15 11 
23 15 34 41 44 
13 42 12 33 45 
34 51 33 25 22 
35 21 52 25 55 
61 42 33 44 14 
34 52 55 55 34 
23 53 61 55 45 
41 51 22 23 14 
61 61 35 43 13 
33 35 45 21 31 
45 51 32 44 34 
14 43 21 21 21 
