45 13 24 15 21 
61 44 34 25 11 
14 22 55 52 61 
54 35 61 54 52 
41 43 34 25 21 
54 23 24 53 31 
24 13 61 14 52 
25 33 61 23 32 
15 55 13 61 43 
25 51 25 14 25 
33 55 24 21 51 
42 21 31 35 32 
53 22 43 25 11 
25 21 12 31 52 
51 31 32 14 55 
21 42 54 42 41 
33 33 23 34 21 
24 55 32 45 25 
14 53 42 54 35 
41 55 32 14 23 
14 43 25 42 43 
45 24 22 35 13 
25 35 23 21 51 
25 25 22 52 55 
44 14 43 34 21 
35 61 33 12 33 
12 11 51 55 61 
13 53 25 22 54 
31 54 13 11 41 
35 51 22 32 52 
33 32 13 53 12 
24 24 31 53 21 
25 15 52 52 42 
51 41 51 15 41 
61 55 34 43 33 
32 52 51 32 61 
44 41 44 41 44 
45 42 25 43 21 
61 54 22 35 31 
52 45 23 53 24 
14 42 61 55 12 
51 33 12 52 55 
41 55 23 11 31 
51 41 34 24 13 
25 13 21 34 51 
15 35 34 15 12 
35 33 11 12 35 
54 45 15 24 41 
11 53 25 11 35 
53 12 34 21 44 
32 51 23 35 13 
33 61 43 54 53 
12 43 15 32 42 
31 25 15 34 12 
13 21 25 32 15 
23 15 35 31 12 
22 15 41 52 15 
32 44 53 33 25 
43 22 15 13 33 
25 13 25 42 61 
25 25 34 22 45 
51 32 41 24 51 
53 21 54 13 54 
54 15 55 42 55 
54 23 14 51 13 
12 61 32 25 54 
34 43 14 31 61 
54 45 55 51 51 
43 35 41 32 53 
61 33 31 33 61 
21 55 42 34 31 
52 32 44 15 21 
31 44 23 51 35 
61 44 55 12 52 
23 53 23 42 31 
54 12 24 22 51 
51 23 53 53 23 
45 13 35 51 61 
12 45 12 53 32 
54 12 31 12 23 
45 32 42 34 31 
35 13 41 15 51 
44 15 53 31 51 
12 13 21 12 34 
31 35 33 15 44 
22 24 11 44 11 
21 12 55 42 33 
44 54 14 44 24 
53 54 11 42 22 
23 35 44 24 24 
33 53 15 61 31 
12 22 25 25 35 
22 52 13 54 41 
21 35 13 22 12 
23 33 54 45 41 
31 52 41 45 43 
43 14 61 54 55 
23 45 42 54 61 
61 42 53 23 45 
21 32 11 53 21 
