11 51 15 21 45 
41 42 15 42 32 
45 11 25 41 42 
45 24 43 45 43 
14 42 43 45 32 
41 23 22 34 41 
11 25 31 52 53 
53 42 33 52 15 
54 45 52 44 44 
41 43 43 25 43 
52 24 12 21 45 
21 34 22 34 33 
53 34 43 23 23 
34 22 14 33 25 
61 32 45 61 42 
31 21 11 42 22 
61 34 45 51 43 
24 33 41 23 13 
61 33 13 31 22 
33 53 12 31 35 
61 61 31 14 32 
13 44 45 51 44 
14 22 54 41 23 
33 41 55 61 23 
31 25 32 13 45 
42 52 53 55 35 
55 12 11 25 61 
52 21 53 32 43 
21 35 24 53 14 
25 13 53 43 22 
25 23 22 15 55 
45 33 22 51 31 
32 32 43 53 11 
35 52 33 53 52 
15 11 22 42 21 
24 33 54 52 12 
45 12 51 51 24 
55 51 23 53 12 
13 33 12 34 44 
35 23 11 22 54 
44 11 23 33 52 
13 54 34 53 34 
14 25 52 15 52 
14 45 21 45 22 
54 54 22 12 12 
35 61 15 53 23 
12 23 31 24 23 
32 61 33 61 34 
22 41 42 45 21 
61 41 21 22 41 
34 24 55 24 35 
11 61 35 24 55 
11 55 22 43 61 
15 13 41 21 53 
35 33 22 31 25 
54 45 45 35 42 
55 41 25 44 21 
33 24 15 51 45 
32 61 15 35 53 
15 22 45 54 21 
21 45 22 42 31 
11 61 15 22 32 
54 43 33 42 25 
23 14 31 52 25 
45 14 54 55 44 
43 34 31 55 14 
53 25 25 42 53 
22 15 52 24 23 
54 33 42 45 53 
53 51 52 54 52 
23 12 24 43 43 
15 42 45 11 41 
43 44 44 32 54 
34 11 24 31 53 
44 54 45 55 14 
23 41 54 55 11 
33 22 14 42 51 
21 55 32 23 13 
41 44 12 35 55 
31 54 14 61 35 
55 15 11 35 11 
31 33 15 54 34 
13 53 23 53 42 
24 42 52 24 42 
14 24 24 12 32 
35 54 32 54 32 
35 52 43 45 12 
31 43 22 41 31 
34 33 53 34 41 
15 22 53 23 23 
61 13 12 42 53 
15 45 42 31 33 
54 53 52 33 35 
21 52 45 45 42 
44 43 33 54 14 
42 41 31 42 61 
11 13 33 51 14 
33 51 31 42 32 
52 31 34 51 51 
41 53 41 35 42 
