11 23 32 61 21 
24 13 15 12 23 
34 34 13 51 45 
42 53 12 24 15 
45 34 41 23 51 
42 25 41 61 31 
31 11 54 44 35 
15 53 12 21 14 
34 55 12 14 53 
24 53 25 42 54 
23 42 14 54 33 
53 12 41 33 35 
61 22 61 53 52 
21 34 45 25 45 
52 41 45 21 54 
24 55 51 61 54 
25 42 61 15 35 
25 33 15 61 42 
21 13 52 13 61 
51 13 53 13 24 
23 11 43 44 24 
35 22 34 61 21 
25 22 44 45 34 
11 32 43 35 55 
23 42 22 22 14 
13 55 21 13 55 
34 52 25 33 31 
54 42 53 42 55 
13 23 61 21 61 
34 23 35 53 44 
51 25 35 13 32 
61 21 13 33 32 
23 54 11 22 43 
34 31 15 32 55 
33 22 23 54 43 
11 55 14 53 42 
43 45 55 23 22 
31 34 15 13 15 
23 24 31 25 21 
12 24 22 12 52 
13 41 33 45 61 
32 35 55 45 54 
23 24 51 22 32 
52 43 42 52 13 
45 52 45 61 11 
32 45 11 44 52 
61 45 52 41 31 
52 31 11 34 11 
32 24 33 33 34 
41 25 25 23 31 
14 22 23 42 53 
42 55 43 15 52 
12 51 54 61 45 
45 25 33 45 13 
31 61 61 44 52 
45 15 61 23 42 
35 15 13 43 44 
54 14 53 43 13 
21 24 41 45 53 
53 11 13 45 44 
21 13 14 51 44 
31 43 51 54 13 
22 54 53 23 43 
43 23 42 53 21 
32 34 11 24 14 
54 25 55 12 33 
52 55 11 34 11 
53 45 42 24 24 
15 43 53 55 23 
32 44 23 34 41 
31 61 33 53 11 
41 43 44 51 23 
44 35 24 12 21 
61 22 21 44 43 
35 25 15 43 33 
25 51 22 12 23 
24 25 24 25 55 
13 45 55 25 24 
35 25 24 22 34 
21 55 15 55 33 
22 15 42 22 34 
24 34 15 52 14 
34 24 25 52 42 
51 55 13 32 51 
14 44 14 11 11 
25 54 61 23 51 
13 45 41 14 11 
55 44 61 14 21 
52 32 12 44 33 
34 51 51 34 42 
12 51 55 14 15 
11 52 51 53 13 
12 21 44 11 24 
31 22 31 22 52 
32 35 11 45 33 
51 21 34 53 25 
61 21 51 24 13 
22 53 34 44 22 
21 35 41 32 25 
15 32 14 54 31 
