35 53 12 54 22 
55 54 44 51 53 
54 42 35 54 35 
33 42 12 41 42 
13 43 55 34 45 
11 31 42 55 25 
12 52 22 34 45 
11 14 45 31 55 
15 22 61 34 34 
55 34 21 35 51 
45 14 14 31 45 
45 33 21 11 13 
11 32 52 24 25 
61 41 43 32 35 
54 43 34 21 24 
34 25 52 22 31 
54 41 33 61 44 
45 42 34 61 11 
52 61 61 51 43 
13 35 13 23 23 
14 43 43 41 34 
61 32 41 15 12 
61 13 35 55 31 
41 61 34 13 61 
11 15 14 11 13 
32 45 44 52 41 
24 34 23 25 23 
43 33 35 14 11 
33 52 43 23 51 
12 43 34 13 61 
54 42 14 31 31 
43 21 25 45 51 
51 34 33 34 51 
14 33 21 12 61 
52 53 55 32 11 
32 44 43 31 11 
15 44 53 43 12 
23 54 55 31 31 
52 61 54 13 23 
41 14 13 23 31 
54 34 52 51 43 
23 45 45 11 44 
31 45 32 43 51 
15 61 35 32 44 
22 11 61 34 52 
12 45 31 34 32 
12 51 12 13 53 
55 24 33 21 51 
21 21 11 53 13 
35 52 41 21 22 
13 44 24 54 52 
11 13 54 21 13 
31 54 23 15 22 
44 21 45 32 44 
12 21 52 14 43 
55 23 33 52 22 
34 24 23 43 22 
41 23 32 33 11 
55 12 24 45 32 
13 34 15 61 52 
11 52 23 15 21 
31 55 23 54 15 
61 15 44 23 61 
13 54 52 61 45 
45 14 12 42 61 
13 25 14 42 25 
45 25 12 13 61 
13 51 31 44 31 
33 14 42 11 41 
53 35 12 12 34 
52 45 22 22 42 
11 43 42 32 34 
35 61 43 55 35 
55 33 11 21 35 
31 45 42 11 52 
42 24 11 25 35 
21 61 25 43 22 
51 51 21 54 24 
14 51 51 43 11 
53 24 34 22 52 
32 44 35 31 32 
52 13 44 22 23 
54 44 61 54 12 
35 54 14 35 55 
55 23 54 44 15 
43 13 15 45 53 
24 52 33 55 54 
33 32 24 24 54 
23 42 24 34 52 
31 41 45 21 21 
61 42 15 44 41 
35 14 14 52 25 
11 33 61 41 31 
23 32 33 24 22 
51 31 23 14 21 
13 34 14 31 55 
51 23 11 25 41 
55 31 15 14 43 
34 13 32 15 45 
44 52 35 44 25 
