32 31 52 31 52 
11 13 52 34 24 
61 12 52 12 61 
44 25 55 54 55 
35 51 54 23 52 
61 24 42 41 61 
35 13 13 24 55 
55 13 43 22 33 
41 25 31 42 32 
13 13 45 53 33 
61 45 34 31 34 
21 43 42 11 41 
34 53 61 15 43 
15 22 42 23 35 
33 15 25 53 24 
11 13 31 14 21 
61 25 33 54 22 
25 13 34 44 52 
21 12 42 15 24 
25 35 45 51 41 
32 61 42 51 52 
22 35 11 32 14 
51 45 12 34 24 
51 53 24 44 54 
11 32 42 55 34 
45 34 31 55 21 
12 45 22 53 32 
25 25 24 25 35 
41 55 32 45 43 
31 41 41 31 21 
53 35 55 51 43 
15 24 34 21 53 
31 44 34 42 52 
25 41 52 53 32 
11 41 42 52 35 
32 44 24 33 14 
32 33 42 31 43 
33 54 12 41 35 
32 35 11 54 35 
51 23 52 55 32 
23 42 33 52 43 
42 15 61 52 15 
11 51 22 22 21 
14 33 14 31 11 
61 15 15 41 14 
52 15 61 45 51 
34 15 23 43 41 
42 34 14 42 23 
44 42 45 43 14 
42 23 42 15 15 
41 15 51 52 11 
15 11 52 33 51 
31 55 32 21 15 
41 34 24 55 34 
32 11 23 15 61 
31 44 52 12 25 
21 51 12 14 12 
12 43 32 15 41 
42 55 15 12 61 
33 61 11 23 55 
33 51 35 55 42 
13 22 31 42 12 
32 43 13 35 32 
52 61 24 41 11 
44 11 34 54 42 
41 12 44 13 13 
45 24 11 52 22 
15 35 31 34 34 
35 11 15 25 12 
35 52 53 31 43 
55 14 44 43 41 
33 55 33 61 42 
22 11 14 44 51 
32 21 21 52 12 
45 53 11 34 22 
42 25 51 13 44 
44 43 33 21 33 
61 34 54 32 12 
12 25 25 33 35 
21 22 32 13 51 
44 11 34 35 55 
21 23 61 12 53 
11 21 33 43 33 
12 32 33 31 44 
61 51 45 33 41 
55 41 43 42 21 
23 13 55 55 33 
44 52 31 44 34 
13 32 12 43 32 
15 32 25 22 32 
23 45 21 54 44 
43 55 34 55 25 
12 11 15 11 15 
41 25 21 21 41 
43 12 22 15 52 
24 35 33 33 32 
53 23 31 54 11 
61 55 23 61 42 
53 13 31 21 51 
13 25 41 54 61 
