11 11 61 44 15 
45 51 34 34 41 
43 15 11 15 11 
21 44 13 24 54 
43 31 15 12 32 
34 33 12 21 35 
44 15 15 24 33 
22 11 43 52 14 
35 35 22 45 54 
33 22 45 61 61 
54 61 42 42 15 
61 43 14 35 14 
43 25 12 44 53 
22 22 45 45 53 
25 52 23 31 44 
11 45 42 45 43 
43 54 32 32 42 
52 53 54 54 31 
51 41 43 12 51 
43 53 52 34 32 
13 55 32 44 42 
42 43 15 23 23 
31 12 32 34 25 
14 61 41 42 12 
23 52 14 15 15 
44 51 44 61 12 
11 14 35 55 12 
44 54 52 41 54 
44 31 35 34 54 
31 53 15 61 12 
52 45 11 34 54 
52 61 44 15 31 
53 34 53 45 12 
25 42 15 13 25 
15 54 14 51 43 
12 22 44 54 52 
24 53 15 22 52 
44 51 34 33 31 
54 33 25 13 21 
34 34 33 42 31 
24 24 34 21 13 
11 35 25 43 43 
41 21 42 41 44 
25 33 32 31 13 
11 11 13 22 15 
13 61 31 12 52 
43 55 12 43 42 
61 11 61 61 61 
21 31 23 54 44 
55 13 61 13 35 
12 43 51 42 11 
13 33 13 21 52 
54 15 44 35 32 
32 53 53 13 32 
11 45 13 32 53 
22 43 61 54 32 
21 41 41 25 25 
41 52 51 14 54 
44 43 13 45 11 
41 43 11 25 52 
23 55 43 34 54 
22 23 14 53 15 
11 45 43 25 45 
12 31 13 25 54 
53 25 61 21 53 
33 13 33 25 43 
13 55 35 61 22 
44 45 61 43 44 
32 55 11 53 22 
42 42 41 55 61 
24 24 54 25 51 
32 55 32 54 55 
61 44 43 13 24 
52 52 13 11 31 
53 61 61 51 12 
34 11 55 55 32 
35 32 44 32 12 
31 13 44 44 53 
32 13 13 23 31 
35 52 42 41 55 
33 23 13 11 13 
11 32 35 45 53 
25 11 32 55 53 
31 12 51 24 33 
42 42 45 24 15 
23 11 15 51 43 
54 11 15 33 32 
23 34 21 43 41 
44 33 43 23 22 
54 34 53 24 53 
25 31 25 54 12 
14 33 51 32 11 
43 32 22 51 55 
35 13 21 22 53 
33 11 34 21 52 
52 42 15 45 23 
13 11 43 52 25 
45 41 22 25 52 
35 61 43 12 24 
61 32 14 15 44 
