43 14 33 54 21 
24 32 31 24 21 
44 41 15 53 45 
12 43 61 22 41 
52 41 12 33 35 
11 31 42 25 41 
15 53 45 52 25 
35 13 41 22 34 
32 23 35 31 25 
15 24 13 41 55 
42 43 24 33 32 
22 24 42 44 12 
51 21 33 15 34 
45 12 24 41 42 
53 13 42 34 15 
35 53 21 35 33 
61 55 55 51 14 
11 22 45 45 32 
13 35 24 52 13 
44 53 35 11 12 
51 51 45 54 52 
42 51 53 42 24 
25 21 15 35 53 
54 52 13 53 21 
22 21 45 61 61 
42 35 15 42 41 
24 42 22 21 45 
54 12 35 25 32 
35 35 15 44 44 
45 53 22 13 22 
51 15 51 43 14 
12 23 34 44 13 
13 11 15 41 13 
35 51 61 42 25 
15 14 23 55 44 
43 14 51 35 11 
33 45 43 21 54 
61 52 31 15 52 
33 42 53 14 14 
34 34 52 42 15 
24 54 14 35 15 
21 45 61 12 31 
34 21 24 21 41 
23 11 35 51 34 
34 34 14 53 34 
23 23 34 55 53 
21 23 15 51 32 
42 25 43 31 14 
52 34 33 21 31 
21 43 23 21 32 
42 22 45 44 23 
43 42 13 12 44 
11 22 34 22 25 
55 24 43 21 24 
23 54 31 52 13 
32 44 15 35 14 
24 11 22 32 52 
22 54 31 54 21 
61 52 14 52 33 
55 31 43 53 25 
54 11 13 25 12 
32 52 55 34 61 
54 51 54 12 33 
61 21 22 54 42 
34 34 11 61 54 
44 44 32 32 21 
42 13 31 23 54 
25 13 12 31 13 
42 45 55 24 53 
11 54 33 34 21 
41 35 23 35 32 
15 13 35 35 35 
54 11 41 22 31 
11 31 32 31 14 
54 13 12 22 12 
53 11 14 31 52 
61 21 33 15 35 
35 45 31 34 44 
53 42 42 55 25 
53 25 44 32 24 
15 25 24 12 41 
34 44 31 13 24 
54 51 44 55 52 
31 61 11 42 22 
61 34 43 55 55 
15 25 31 33 33 
13 55 53 31 45 
53 42 15 51 41 
45 52 11 41 51 
61 61 52 15 13 
11 31 55 55 31 
54 51 61 23 54 
32 52 14 35 54 
23 55 31 25 42 
35 44 12 22 32 
23 42 24 21 31 
22 53 15 55 21 
32 22 13 52 15 
15 33 45 15 53 
14 35 61 11 31 
