42 61 61 54 24 
41 21 11 52 35 
22 51 32 33 24 
24 52 35 51 51 
44 11 21 35 33 
11 45 61 24 31 
51 32 21 34 33 
21 54 32 41 13 
12 55 12 45 53 
24 41 34 55 31 
32 41 51 31 32 
25 25 21 54 15 
13 34 15 33 61 
21 35 61 41 31 
52 61 15 15 51 
52 11 12 51 25 
22 41 21 12 14 
14 54 43 45 22 
52 45 43 13 61 
21 51 51 31 24 
54 44 35 45 14 
13 52 61 25 23 
42 61 35 21 11 
24 54 44 12 15 
54 54 22 35 55 
42 31 11 25 55 
15 54 45 12 45 
44 24 44 14 53 
52 12 34 53 53 
44 44 34 44 32 
43 51 25 55 42 
32 42 41 51 15 
15 23 54 34 31 
22 22 42 23 53 
23 22 61 52 42 
23 61 23 14 13 
25 32 11 24 33 
31 33 24 25 52 
41 13 11 34 25 
45 42 24 14 14 
14 45 51 52 54 
44 13 51 34 43 
52 13 44 22 12 
33 12 41 53 32 
54 55 55 11 54 
32 45 13 25 61 
11 61 11 53 51 
54 21 51 12 53 
45 41 21 52 11 
14 14 54 12 42 
22 24 45 55 42 
43 13 15 24 34 
33 41 55 55 34 
32 12 52 55 54 
43 23 13 43 21 
42 23 51 43 11 
61 14 33 25 24 
51 52 52 14 11 
53 12 11 33 14 
12 44 15 31 12 
21 41 31 52 54 
12 51 11 51 13 
15 54 44 11 21 
23 22 45 55 53 
43 54 53 23 11 
43 61 53 54 42 
31 61 54 14 52 
43 11 14 53 24 
22 51 54 22 41 
23 24 33 24 23 
13 14 43 45 52 
34 14 45 31 22 
23 52 44 11 34 
43 55 35 12 11 
32 13 33 42 34 
13 35 51 34 24 
35 34 11 13 23 
14 31 51 35 12 
35 31 53 12 54 
11 21 12 55 43 
15 22 22 53 21 
32 33 31 51 13 
45 43 53 53 23 
31 12 23 13 13 
52 12 42 21 42 
52 32 12 44 12 
14 44 32 15 11 
61 33 51 53 52 
35 14 31 25 12 
45 41 14 42 43 
23 24 24 54 11 
43 43 25 61 44 
23 24 12 35 31 
12 41 14 54 51 
41 55 32 25 34 
43 43 25 35 33 
51 42 45 25 53 
32 31 44 52 53 
42 42 55 43 45 
45 61 45 55 43 
