25 61 31 44 41 
61 12 55 55 44 
52 43 43 21 41 
15 24 12 45 21 
52 44 43 21 42 
53 35 51 53 12 
24 22 12 52 25 
51 25 41 14 33 
43 54 31 31 53 
23 55 24 42 31 
54 35 55 52 45 
13 31 35 23 22 
24 53 61 12 25 
34 55 32 22 11 
24 55 43 23 51 
22 51 42 23 13 
41 44 52 21 23 
61 11 22 45 55 
42 31 54 61 23 
12 42 42 31 35 
31 24 25 42 43 
32 52 41 54 42 
52 54 21 33 32 
45 32 35 15 41 
51 61 24 61 52 
53 32 42 14 45 
32 23 31 42 55 
22 53 61 53 15 
22 34 12 51 43 
25 12 42 34 42 
12 43 53 42 12 
14 24 12 44 53 
15 53 13 12 34 
41 13 22 31 24 
11 32 34 13 31 
54 13 54 11 21 
11 23 44 52 23 
22 31 35 23 25 
33 45 15 52 14 
51 15 45 41 45 
13 34 11 52 52 
35 43 51 13 41 
34 12 31 11 54 
32 15 21 43 52 
55 54 32 44 42 
12 21 33 43 11 
55 44 15 45 41 
11 42 25 25 12 
61 44 12 25 41 
54 24 51 13 52 
61 15 44 45 31 
11 33 11 21 41 
14 44 22 43 21 
51 35 61 34 33 
55 61 55 43 53 
54 51 45 52 44 
52 41 51 53 32 
31 43 55 15 35 
11 52 54 31 51 
33 32 33 41 54 
35 41 33 21 23 
52 34 44 21 44 
41 42 52 43 44 
61 15 22 53 32 
41 41 25 32 14 
23 42 21 24 45 
43 44 15 12 31 
52 55 12 33 51 
33 33 61 34 24 
11 52 33 43 53 
31 31 44 34 12 
21 54 43 35 32 
52 11 21 32 41 
45 12 12 23 24 
51 24 31 53 61 
52 12 23 35 45 
25 22 54 54 32 
33 31 53 61 12 
21 35 15 13 54 
35 34 13 25 44 
14 33 51 22 53 
15 14 21 33 34 
53 21 11 32 23 
61 32 33 43 51 
42 54 53 44 51 
23 35 23 31 32 
32 61 44 54 44 
23 42 15 53 33 
42 33 32 32 11 
44 13 31 13 41 
14 33 35 34 42 
14 41 43 52 15 
43 41 34 32 24 
23 32 43 43 52 
53 14 55 55 22 
42 33 52 12 44 
33 45 55 35 12 
34 53 13 25 61 
32 11 54 53 31 
23 45 21 31 31 
