35 34 13 22 42 
61 23 14 15 24 
21 61 13 13 13 
45 15 15 22 41 
21 51 43 43 44 
23 24 61 21 52 
54 44 12 53 25 
34 35 45 11 55 
25 12 25 31 54 
11 34 53 35 52 
55 45 15 55 52 
35 55 54 22 44 
23 55 45 43 54 
41 25 52 52 21 
25 25 43 12 44 
53 45 34 33 25 
22 24 55 22 24 
24 41 53 35 42 
22 53 13 21 11 
61 24 13 53 42 
44 54 61 43 45 
35 21 41 11 45 
21 55 44 54 31 
52 22 11 14 51 
13 25 54 42 13 
61 54 43 15 52 
15 32 35 43 54 
23 51 35 22 11 
55 23 34 32 24 
55 55 24 42 32 
34 11 12 55 12 
21 51 22 33 24 
13 11 23 24 34 
13 44 35 25 43 
55 24 21 13 34 
42 41 51 31 43 
33 13 12 42 42 
44 21 25 15 11 
11 44 52 11 34 
53 53 44 21 61 
35 45 61 55 53 
54 31 54 14 43 
53 23 25 42 14 
61 55 12 34 34 
53 13 15 52 11 
22 13 52 41 41 
15 13 55 41 22 
52 54 11 12 55 
22 12 52 13 21 
25 22 22 21 41 
22 25 22 23 43 
13 54 24 15 44 
13 42 53 61 52 
42 53 52 55 41 
11 14 13 32 32 
22 61 45 11 32 
51 14 52 43 35 
24 51 55 32 41 
44 12 43 44 23 
51 12 51 55 42 
11 22 14 55 43 
44 13 35 12 31 
34 41 33 23 13 
13 33 44 31 52 
41 54 45 12 13 
55 33 34 22 41 
14 32 11 41 53 
53 51 24 21 44 
44 41 34 23 44 
22 11 53 61 42 
54 35 24 52 41 
43 35 15 25 51 
51 21 21 24 44 
34 13 35 15 23 
32 12 24 15 24 
21 53 53 11 54 
13 54 55 14 33 
33 41 11 42 22 
45 24 41 45 33 
32 13 51 24 55 
43 52 14 25 15 
35 14 34 24 21 
13 21 35 44 52 
43 23 51 14 41 
15 23 31 15 21 
45 51 54 45 24 
53 13 61 13 15 
21 11 42 23 61 
13 44 43 21 23 
12 53 12 23 51 
33 31 54 34 12 
44 24 53 32 45 
23 43 45 55 55 
34 43 13 12 34 
61 21 44 22 55 
34 15 52 41 14 
54 12 32 32 15 
12 54 41 11 53 
32 53 24 22 25 
32 52 31 31 34 
