23 55 52 43 15 
54 45 31 54 42 
41 33 34 53 14 
32 55 51 14 15 
12 12 24 11 41 
23 11 32 23 44 
52 15 41 34 23 
45 45 54 53 45 
24 42 42 41 22 
33 42 43 12 12 
44 53 23 22 23 
12 35 44 32 11 
35 23 23 43 14 
51 25 13 25 41 
53 61 31 41 61 
21 52 53 31 53 
44 52 31 41 42 
13 32 22 54 14 
15 43 24 34 51 
22 33 11 21 33 
51 31 52 33 23 
35 24 13 44 42 
44 42 11 43 32 
53 22 11 51 15 
54 21 34 33 13 
43 32 42 55 23 
13 12 13 55 45 
11 55 42 32 51 
23 61 45 34 52 
42 44 51 12 34 
13 14 41 13 14 
31 33 23 41 51 
34 52 61 23 33 
32 15 35 22 31 
33 54 25 54 21 
41 45 33 61 14 
43 61 51 24 41 
23 34 35 52 55 
61 14 15 13 23 
44 23 61 32 52 
11 52 13 45 34 
52 34 55 34 45 
54 33 44 21 24 
34 61 51 11 14 
32 45 31 11 53 
52 33 32 61 13 
34 12 32 22 55 
43 32 35 44 54 
45 31 44 33 52 
44 32 12 42 44 
42 35 15 12 22 
35 53 55 52 25 
61 11 32 23 41 
45 35 22 44 22 
41 14 31 24 14 
53 55 53 34 55 
35 14 41 55 22 
25 54 25 33 41 
15 33 15 31 55 
51 14 52 22 13 
44 45 12 34 61 
45 11 55 21 61 
12 51 35 12 35 
15 32 24 13 61 
45 25 44 34 51 
33 52 53 55 22 
43 23 24 32 31 
34 11 34 14 15 
55 52 54 33 61 
34 31 45 43 12 
55 23 53 14 11 
23 41 25 44 54 
13 42 25 34 32 
53 53 41 31 11 
61 42 22 52 34 
55 32 31 31 55 
53 52 13 32 51 
42 51 61 54 32 
43 13 44 41 13 
21 55 51 31 22 
54 21 22 52 45 
42 45 22 25 44 
61 31 34 31 11 
32 34 53 11 11 
54 34 23 24 32 
22 13 41 12 31 
31 43 14 23 42 
35 12 32 54 35 
31 32 23 12 44 
45 42 21 14 41 
32 43 22 44 42 
22 51 42 22 45 
15 55 22 42 61 
22 33 43 61 53 
61 32 43 53 22 
11 12 51 13 45 
51 35 22 41 54 
12 21 61 45 12 
24 23 25 61 23 
33 52 53 24 14 
