41 44 14 33 52 
25 53 53 12 12 
61 42 44 42 31 
25 51 53 33 14 
41 13 34 44 32 
12 24 34 32 24 
13 12 32 55 54 
23 51 22 22 54 
34 32 33 43 41 
14 15 15 15 24 
24 43 31 53 35 
45 23 54 55 52 
32 11 42 44 23 
25 31 44 52 43 
42 22 22 53 15 
22 32 14 45 22 
15 25 34 12 15 
55 31 53 15 44 
45 61 15 61 53 
33 54 23 42 25 
13 44 53 52 15 
11 61 45 53 25 
44 35 31 11 33 
22 41 23 55 55 
35 11 31 12 54 
45 31 61 24 24 
25 34 14 11 21 
32 21 43 24 44 
42 24 14 13 22 
51 52 25 54 52 
33 54 55 32 21 
14 23 31 54 21 
13 42 31 15 14 
52 35 14 53 25 
33 22 54 54 51 
32 13 22 52 25 
32 31 42 24 22 
15 33 21 31 33 
43 24 52 55 33 
42 51 42 33 35 
35 12 34 44 52 
22 53 35 31 52 
52 53 15 53 21 
51 33 35 52 41 
51 35 35 23 34 
33 55 44 23 53 
51 13 32 32 24 
35 55 12 44 32 
15 53 41 61 33 
15 53 61 32 23 
43 24 24 44 43 
51 25 12 32 43 
43 13 32 53 61 
35 52 12 24 45 
42 54 34 22 61 
53 11 34 41 35 
23 15 35 13 35 
24 53 33 32 54 
42 41 13 43 45 
51 42 12 35 51 
44 55 52 14 52 
32 45 54 35 33 
22 35 13 22 34 
45 52 21 54 24 
41 35 21 55 52 
35 21 24 22 35 
22 15 12 61 42 
24 44 33 24 51 
44 33 35 12 35 
21 12 11 34 35 
55 45 13 24 51 
52 12 45 21 14 
14 12 22 11 51 
34 41 11 31 14 
45 52 21 15 23 
11 12 55 23 41 
41 35 23 45 21 
24 12 32 61 42 
43 45 44 45 41 
13 43 41 51 11 
54 25 11 31 14 
14 53 61 25 34 
13 54 55 21 51 
51 43 12 11 11 
31 21 53 35 61 
34 32 51 52 31 
54 35 51 25 52 
13 45 55 24 25 
14 44 35 31 14 
11 11 25 22 34 
44 32 12 22 55 
25 12 52 33 25 
52 24 12 25 32 
44 12 14 21 15 
21 34 51 34 44 
21 13 43 15 55 
52 11 14 41 61 
12 21 43 22 24 
44 11 24 25 54 
22 52 61 32 22 
