45 54 43 15 35 
53 32 24 34 25 
43 52 55 13 21 
42 21 21 23 51 
51 25 41 23 31 
24 51 32 43 53 
13 51 21 51 52 
22 21 22 31 54 
22 53 61 45 45 
24 41 23 54 25 
25 41 44 21 43 
54 42 52 34 55 
23 11 61 45 15 
33 41 33 33 53 
13 15 21 14 31 
34 21 45 11 24 
54 12 52 35 43 
15 32 14 11 35 
32 35 11 21 35 
55 51 25 52 23 
43 42 21 32 25 
23 12 34 51 14 
23 21 42 54 21 
24 52 23 21 25 
51 15 23 43 32 
53 44 35 41 51 
14 24 33 35 22 
42 43 35 23 43 
21 54 44 23 34 
15 15 25 14 35 
33 34 44 53 61 
21 15 44 52 35 
45 14 23 13 42 
15 52 52 41 34 
43 53 12 15 51 
15 15 13 54 11 
23 35 42 44 44 
12 42 42 13 14 
32 31 43 31 12 
35 14 53 51 21 
61 42 21 34 25 
12 11 35 31 21 
51 25 55 34 15 
24 33 34 33 22 
24 35 13 21 31 
41 42 12 22 23 
53 44 24 31 41 
61 23 24 35 55 
12 21 12 42 12 
34 23 44 25 54 
31 12 53 54 45 
31 32 21 52 15 
12 42 35 42 22 
55 44 31 55 24 
52 25 15 24 42 
61 11 31 14 15 
14 33 32 51 31 
41 43 52 44 44 
52 22 34 44 23 
11 44 53 52 55 
61 53 53 41 31 
15 53 41 53 61 
24 21 32 33 15 
15 14 22 52 15 
25 45 25 21 43 
31 54 15 52 15 
13 14 13 51 21 
52 35 51 12 52 
25 15 23 45 33 
45 55 23 35 11 
35 53 53 43 54 
12 15 35 23 21 
22 43 25 55 32 
43 24 34 24 43 
25 21 23 15 53 
12 14 42 33 12 
24 32 41 35 41 
21 23 52 13 21 
43 53 11 54 42 
12 54 45 45 31 
35 14 41 31 54 
23 41 44 53 13 
45 25 15 22 13 
34 15 52 15 22 
24 14 54 54 51 
34 35 23 22 51 
12 25 34 14 32 
15 13 13 34 13 
23 45 45 24 41 
11 12 21 24 41 
11 44 41 11 11 
14 31 35 15 32 
32 32 12 43 34 
15 55 11 42 54 
24 25 61 15 31 
21 41 24 35 23 
22 35 15 42 21 
24 21 32 54 15 
15 33 31 44 44 
52 41 43 52 23 
