45 11 34 54 33 
33 35 52 23 21 
33 13 25 15 54 
34 32 51 42 41 
55 21 25 31 41 
54 31 12 53 11 
14 52 53 11 24 
34 41 35 51 14 
44 43 24 51 55 
15 42 41 42 32 
61 51 14 33 32 
12 21 51 61 34 
43 13 22 31 21 
35 44 14 41 44 
21 13 51 42 11 
42 33 12 42 11 
25 41 15 35 44 
51 61 31 43 21 
54 41 53 22 32 
43 22 35 45 24 
43 24 53 21 34 
14 25 41 21 33 
45 11 24 25 42 
15 25 15 61 42 
52 12 44 12 23 
42 54 53 34 42 
55 34 52 34 24 
41 44 34 55 15 
23 12 61 42 44 
15 33 23 25 32 
51 11 21 61 22 
55 45 31 14 55 
32 52 61 25 52 
35 13 35 35 13 
22 24 32 44 52 
54 24 45 41 23 
23 44 24 54 43 
35 11 11 53 11 
45 23 43 34 33 
44 42 61 11 14 
23 51 45 35 44 
53 41 24 21 11 
55 31 31 55 11 
52 22 21 25 61 
51 34 25 33 35 
32 24 42 12 31 
44 22 22 43 33 
33 61 61 35 51 
61 41 32 32 14 
22 55 25 21 25 
25 13 61 41 31 
34 13 34 41 55 
54 55 21 11 22 
44 44 13 11 11 
23 35 35 31 15 
23 21 14 15 22 
44 45 35 22 61 
51 45 12 61 23 
55 21 13 35 21 
33 41 24 35 11 
12 12 51 25 45 
51 51 61 54 24 
34 42 34 41 54 
32 15 12 52 15 
35 51 43 61 11 
43 14 52 32 61 
32 54 51 52 32 
52 25 13 55 61 
31 14 31 14 11 
34 23 41 34 35 
15 11 14 22 61 
34 24 43 12 24 
55 44 21 35 33 
61 41 42 44 15 
14 12 45 43 53 
41 55 21 44 12 
55 45 45 51 11 
32 43 61 25 52 
41 41 25 55 15 
25 45 31 35 61 
31 15 55 53 32 
45 33 11 54 52 
15 61 43 44 25 
43 11 15 23 22 
43 44 32 11 31 
12 51 44 11 15 
55 35 44 44 61 
21 25 61 14 14 
34 34 25 44 44 
52 41 32 14 54 
42 12 33 32 43 
12 13 11 11 33 
61 31 23 23 23 
55 11 12 34 24 
43 51 41 51 13 
52 52 61 53 23 
31 53 31 14 35 
41 24 34 35 24 
43 31 51 32 52 
35 34 24 21 12 
