45 41 31 34 45 
31 55 13 53 34 
51 44 41 24 45 
22 14 21 55 22 
33 45 21 44 44 
31 54 43 45 43 
43 24 52 51 11 
55 53 61 33 52 
12 41 61 55 11 
43 61 15 43 12 
55 35 61 21 15 
15 32 43 34 52 
23 54 54 53 32 
33 41 11 45 52 
14 35 21 41 61 
53 12 23 12 35 
15 11 54 32 53 
25 44 14 22 61 
13 35 53 32 21 
45 14 33 54 33 
11 54 52 51 45 
41 32 33 25 42 
42 61 12 14 61 
42 44 35 61 35 
45 13 54 15 31 
21 53 22 35 32 
45 22 34 21 54 
23 32 61 22 45 
42 23 33 53 44 
15 22 42 41 42 
11 31 14 51 61 
45 54 11 43 33 
23 23 21 12 54 
44 45 33 52 24 
11 61 12 31 51 
14 35 41 13 13 
15 41 53 43 32 
42 43 13 41 55 
41 54 43 52 11 
55 54 33 21 23 
55 44 51 25 15 
41 44 55 34 44 
21 21 21 41 13 
32 43 43 32 53 
43 61 53 24 24 
53 33 32 21 23 
25 11 51 15 35 
53 43 34 52 35 
55 33 15 52 21 
14 22 25 44 45 
15 53 45 24 35 
32 54 41 31 45 
31 51 34 41 41 
33 14 44 55 13 
42 61 61 35 43 
61 14 52 34 15 
15 44 42 24 44 
14 51 22 45 42 
52 45 52 15 35 
45 14 24 11 35 
31 35 31 25 34 
35 61 12 13 44 
42 32 21 22 53 
12 11 52 14 54 
52 31 45 44 25 
44 52 25 22 24 
52 21 34 35 14 
55 25 21 11 34 
15 12 22 45 42 
35 54 41 34 42 
12 22 12 14 33 
34 34 34 13 45 
22 61 23 21 51 
52 45 21 55 55 
44 43 41 14 22 
61 61 22 35 54 
31 52 15 42 61 
51 25 43 13 23 
33 11 25 52 14 
21 51 61 21 13 
22 42 23 11 24 
32 21 21 15 13 
43 12 41 42 14 
22 44 34 21 44 
32 54 34 32 21 
35 61 53 35 54 
61 61 12 32 13 
13 41 34 22 32 
15 41 41 45 43 
12 51 55 54 25 
55 21 23 12 24 
35 24 24 55 44 
42 35 41 11 13 
45 53 52 54 34 
45 53 32 33 25 
35 14 44 43 12 
45 42 44 43 41 
61 14 34 14 33 
61 33 53 53 31 
23 25 32 41 24 
