43 52 35 44 52 
25 52 45 15 53 
54 53 61 45 22 
41 51 11 31 53 
45 22 52 24 41 
21 52 23 14 61 
24 22 31 42 35 
13 22 53 34 33 
12 14 43 52 55 
25 24 55 54 42 
25 34 25 13 42 
51 15 55 45 32 
14 41 32 22 31 
15 52 45 43 23 
13 42 42 34 12 
53 25 22 12 14 
32 41 15 61 35 
61 11 15 52 31 
42 15 24 12 11 
14 61 54 32 45 
61 53 15 35 23 
14 31 61 44 61 
42 42 12 12 44 
14 44 51 53 21 
52 31 14 43 15 
33 24 13 33 24 
25 21 32 15 13 
51 44 22 35 35 
31 33 24 13 44 
33 52 31 23 25 
33 42 51 22 15 
22 52 21 33 22 
43 34 52 35 54 
54 45 53 51 24 
51 54 41 53 31 
61 24 55 61 22 
35 24 12 54 12 
44 55 53 52 14 
34 35 21 45 14 
12 43 53 32 35 
43 52 12 61 55 
45 33 45 12 52 
61 11 52 35 51 
23 44 61 41 53 
45 21 54 52 32 
21 41 45 31 15 
35 11 25 55 12 
35 43 12 44 13 
41 35 45 31 34 
51 51 52 22 51 
51 14 44 11 13 
23 25 51 14 23 
54 22 13 41 42 
21 25 61 31 43 
35 32 52 23 55 
25 61 42 23 31 
24 61 43 11 51 
61 43 43 32 53 
11 32 61 33 13 
51 31 35 22 34 
44 41 44 34 54 
31 61 52 34 14 
35 14 12 34 55 
24 41 23 13 44 
22 35 31 31 35 
15 52 31 53 25 
31 35 31 61 45 
12 34 22 44 15 
21 12 24 11 61 
52 45 31 52 33 
42 31 51 61 25 
45 35 31 43 51 
24 14 31 54 14 
13 52 51 31 52 
15 35 41 45 22 
25 24 54 53 41 
33 24 61 44 61 
31 24 12 24 32 
55 51 15 21 11 
23 41 33 51 55 
14 44 15 15 13 
23 44 22 42 32 
35 34 15 41 51 
22 25 13 34 43 
55 52 44 13 44 
12 14 23 52 41 
33 24 11 24 41 
35 32 52 14 54 
13 22 61 45 21 
31 12 21 32 51 
15 32 53 52 34 
33 42 54 15 33 
55 53 14 11 23 
54 44 31 12 55 
12 15 33 32 45 
54 32 22 45 55 
11 43 41 25 53 
31 33 54 54 53 
61 35 43 53 25 
44 54 35 22 61 
