34 23 21 53 42 
11 11 41 44 42 
23 33 43 61 61 
61 61 53 11 33 
15 54 23 53 54 
54 45 43 23 51 
32 33 51 42 54 
35 13 51 41 23 
23 45 24 45 53 
34 23 43 21 51 
25 22 31 31 41 
11 45 41 31 25 
12 13 22 33 24 
25 42 22 22 31 
14 14 14 41 22 
11 21 33 41 52 
22 45 61 44 44 
44 42 33 52 45 
41 41 11 53 61 
31 34 23 51 42 
21 23 45 54 13 
33 52 14 14 52 
23 34 12 12 61 
31 54 53 54 25 
11 15 15 14 34 
41 54 32 61 52 
34 54 21 61 35 
31 24 13 22 22 
21 14 34 54 14 
12 13 55 23 42 
51 15 41 23 61 
14 25 33 61 44 
34 11 41 34 14 
41 45 41 31 45 
34 35 23 43 45 
35 15 32 21 41 
42 32 34 23 54 
42 34 31 23 15 
15 22 21 22 22 
21 45 44 53 34 
35 54 22 25 23 
33 11 54 22 22 
12 52 14 14 42 
61 23 51 23 55 
35 24 33 24 42 
25 43 35 15 51 
23 45 34 14 44 
21 53 22 41 41 
21 15 23 11 14 
21 44 41 52 11 
61 23 34 24 21 
42 33 35 52 31 
14 32 33 25 44 
55 22 13 45 11 
32 51 52 14 55 
45 14 21 41 41 
45 34 41 12 32 
35 22 31 24 22 
22 24 55 35 32 
55 54 61 15 34 
53 55 52 43 42 
44 61 32 11 14 
22 43 44 44 15 
13 32 55 42 34 
12 15 54 51 35 
24 43 52 14 51 
32 45 41 44 25 
61 45 11 45 52 
25 41 53 52 51 
24 21 52 15 24 
13 61 41 15 15 
53 12 43 44 31 
14 53 34 35 51 
32 15 31 24 43 
22 24 34 35 21 
43 45 54 41 11 
34 21 22 31 61 
15 35 31 45 11 
14 45 44 35 12 
54 12 35 61 31 
34 24 51 51 44 
44 15 34 21 55 
35 15 13 44 23 
43 32 61 13 31 
45 32 43 55 33 
11 12 11 21 44 
15 55 13 42 51 
13 51 33 25 35 
54 53 41 22 61 
33 33 31 45 53 
22 43 13 35 33 
34 35 14 24 35 
55 33 42 44 23 
23 32 35 25 44 
35 14 45 52 55 
54 33 41 55 12 
44 25 11 32 15 
33 43 21 61 31 
41 24 11 61 22 
52 11 51 45 43 
