31 55 13 55 24 
15 24 23 51 42 
54 51 34 43 22 
44 25 54 34 61 
52 22 35 61 23 
15 51 14 41 53 
21 53 13 43 44 
45 44 12 21 14 
31 14 52 41 53 
21 32 51 42 21 
14 42 13 31 53 
41 54 12 12 43 
31 32 31 14 44 
45 12 21 34 34 
22 11 45 24 33 
43 55 23 34 54 
61 31 55 45 15 
34 22 13 43 54 
51 22 15 51 25 
51 35 32 23 11 
31 21 13 54 61 
33 51 34 53 12 
53 54 14 41 15 
12 33 44 24 34 
41 23 45 43 53 
53 53 31 53 31 
15 31 55 45 14 
52 21 33 25 12 
43 44 33 33 15 
15 43 51 25 55 
25 14 13 13 51 
15 15 22 33 33 
32 42 51 42 61 
21 35 52 61 23 
35 42 12 61 12 
44 34 21 44 22 
35 42 15 15 12 
35 11 11 22 53 
32 44 53 41 41 
33 21 31 23 35 
42 34 43 22 61 
33 44 61 13 25 
11 31 14 35 55 
23 43 33 22 14 
14 61 15 25 52 
35 23 42 21 31 
31 61 41 11 31 
15 51 21 41 42 
51 41 54 61 45 
34 55 43 25 13 
53 13 51 21 12 
42 42 44 44 23 
15 52 23 15 53 
44 35 14 11 14 
12 11 33 21 14 
22 54 11 13 54 
45 45 25 34 32 
44 32 53 15 24 
45 52 45 42 12 
53 55 44 12 12 
44 24 22 35 43 
54 53 15 55 44 
15 55 41 25 52 
61 32 14 25 61 
21 31 15 23 52 
14 24 32 55 22 
52 51 31 24 14 
14 44 35 33 32 
34 51 25 52 42 
25 33 45 41 32 
55 11 42 25 33 
45 41 24 42 13 
25 61 34 54 52 
51 45 55 25 53 
32 22 15 31 22 
23 33 41 22 52 
14 54 15 21 33 
61 33 54 11 53 
44 11 25 53 35 
61 51 52 53 41 
12 54 14 11 52 
61 14 41 53 24 
14 34 32 51 22 
54 34 45 45 44 
42 52 11 53 22 
23 51 23 11 12 
51 12 14 33 13 
15 24 14 23 45 
13 34 12 45 13 
53 35 33 53 13 
33 32 42 34 51 
43 53 11 52 33 
33 24 61 61 54 
15 21 14 43 61 
25 34 33 52 41 
21 22 34 43 61 
34 55 54 31 61 
53 11 42 42 52 
54 55 61 21 21 
61 42 21 12 45 
