41 14 35 45 43 
54 12 42 55 31 
43 32 52 23 43 
45 21 52 42 55 
61 42 33 45 41 
24 25 15 33 33 
25 42 41 23 55 
12 23 12 35 24 
41 45 45 42 52 
15 53 25 45 11 
42 61 32 43 23 
54 33 24 44 43 
13 24 11 13 24 
11 35 54 22 24 
21 25 45 44 51 
21 21 51 55 34 
14 22 53 44 44 
11 53 45 22 35 
54 33 52 52 14 
32 22 22 11 61 
14 61 44 52 21 
32 55 51 31 33 
51 52 44 31 21 
23 14 23 14 35 
51 24 21 12 61 
55 13 32 53 24 
45 51 35 54 42 
35 34 52 45 53 
21 31 35 15 45 
31 15 13 13 15 
53 11 13 53 32 
11 53 34 55 51 
32 43 51 44 12 
14 54 33 22 21 
54 35 14 21 53 
32 33 45 45 24 
41 54 54 24 12 
35 45 55 23 42 
61 42 32 22 23 
25 53 14 25 42 
43 55 54 25 52 
21 31 31 24 43 
54 55 33 41 14 
12 52 42 11 34 
43 25 24 55 45 
52 53 42 11 31 
54 44 22 24 32 
51 35 21 23 23 
14 25 31 45 43 
44 45 54 25 42 
41 54 24 25 21 
44 15 43 25 41 
21 42 45 32 61 
52 55 25 25 51 
24 13 22 21 24 
44 61 53 24 53 
42 54 54 42 55 
53 23 14 21 42 
34 14 43 12 33 
33 61 13 55 54 
14 11 34 43 41 
41 31 42 54 45 
15 32 43 45 21 
42 54 35 53 55 
45 44 44 15 34 
34 32 54 54 31 
54 61 24 21 41 
15 53 31 45 41 
44 43 43 54 24 
11 45 13 12 13 
22 13 24 34 61 
15 11 32 34 45 
23 42 44 13 43 
15 54 33 53 45 
32 23 42 61 35 
34 15 32 55 24 
31 21 41 31 51 
44 34 23 14 15 
23 11 14 21 32 
42 52 61 44 21 
43 44 25 44 12 
35 13 15 55 31 
55 44 34 43 13 
13 43 45 15 44 
53 12 12 32 22 
42 55 14 21 31 
61 15 21 61 51 
53 33 54 45 25 
22 23 22 42 21 
21 54 43 54 42 
14 24 12 41 14 
55 32 53 33 14 
41 22 51 13 32 
14 24 13 12 61 
31 55 34 32 45 
44 54 34 12 25 
13 25 32 14 32 
22 32 32 13 54 
31 52 54 55 53 
55 21 53 13 45 
