43 34 34 31 35 
12 43 31 61 32 
55 23 14 33 44 
34 42 53 42 41 
52 12 35 51 14 
34 32 24 44 21 
54 43 22 21 45 
61 32 41 45 22 
21 61 33 12 21 
45 35 61 21 41 
15 42 51 25 13 
15 34 22 54 15 
25 45 21 43 34 
22 42 42 45 21 
55 55 13 35 61 
32 51 34 33 12 
31 21 23 12 11 
61 41 54 33 25 
51 32 32 42 52 
31 61 43 61 41 
31 33 23 52 33 
11 55 35 41 42 
61 41 21 34 21 
25 43 23 43 42 
41 11 43 53 22 
31 24 41 41 13 
21 52 22 55 53 
51 32 23 51 52 
41 22 22 14 55 
21 41 61 15 45 
41 31 22 33 33 
55 45 53 42 52 
35 22 54 43 61 
32 15 52 61 43 
33 43 52 33 34 
51 43 33 31 24 
42 31 42 52 11 
44 15 54 22 35 
45 32 45 54 45 
54 12 42 24 11 
44 44 32 23 61 
24 15 31 12 11 
42 23 33 41 34 
55 33 43 13 42 
14 43 61 42 24 
22 34 32 21 51 
34 33 61 32 33 
33 35 21 23 41 
21 22 44 43 22 
11 24 23 34 53 
22 41 23 54 51 
13 34 54 13 32 
42 32 32 42 61 
54 42 21 45 32 
25 14 13 51 22 
34 21 32 51 13 
14 45 41 24 24 
13 12 24 13 45 
31 55 31 32 45 
14 23 31 61 41 
53 23 33 21 53 
61 53 43 11 35 
52 35 15 11 51 
42 54 55 41 53 
11 45 22 12 23 
34 33 44 24 44 
21 51 42 41 55 
35 35 52 45 55 
21 22 52 33 31 
13 35 23 55 22 
15 23 12 15 33 
35 13 53 55 53 
24 31 45 12 53 
35 41 23 55 41 
33 61 43 21 24 
54 12 22 25 43 
12 51 22 54 51 
25 31 34 25 21 
31 43 51 43 14 
13 51 61 23 42 
32 35 13 12 51 
43 13 34 14 34 
54 51 51 55 55 
61 44 52 15 34 
12 53 44 23 53 
15 14 23 11 51 
43 54 12 34 54 
22 53 52 14 12 
41 24 55 14 12 
61 14 54 23 22 
11 52 31 24 15 
33 24 42 25 42 
45 45 13 25 14 
51 23 52 52 54 
13 33 42 24 43 
61 21 13 61 23 
61 55 31 23 12 
45 21 42 54 41 
43 32 51 22 34 
13 43 12 13 34 
