33 45 54 11 52 
53 34 54 14 44 
55 24 21 14 15 
44 13 24 51 11 
61 35 54 21 15 
21 32 55 32 55 
55 22 22 45 61 
31 12 32 25 12 
13 32 42 14 25 
53 43 14 23 33 
21 61 61 12 31 
12 42 25 33 15 
44 52 45 35 45 
54 12 32 15 32 
32 54 12 24 42 
51 21 51 15 43 
45 41 11 12 12 
21 42 34 42 43 
13 44 31 31 31 
23 35 45 44 45 
13 51 42 13 43 
22 61 41 22 24 
22 34 42 45 42 
12 32 55 21 54 
41 42 51 33 33 
21 51 33 15 14 
54 13 52 14 21 
45 51 43 45 43 
53 51 12 55 23 
31 43 43 55 45 
52 61 32 14 14 
12 12 31 43 25 
34 32 54 35 42 
32 21 14 44 22 
25 15 21 43 45 
15 14 44 45 44 
12 43 52 41 23 
51 12 14 42 32 
22 42 33 43 25 
41 35 31 31 54 
51 15 25 11 12 
32 42 34 33 31 
54 13 33 14 31 
21 12 21 41 22 
31 34 54 35 12 
54 51 25 51 12 
44 45 41 12 45 
12 43 53 32 25 
52 14 15 41 45 
55 43 44 33 52 
45 45 13 21 52 
54 22 33 25 43 
44 23 23 51 35 
22 45 35 44 53 
11 25 23 51 23 
42 42 43 35 32 
35 61 35 33 61 
14 25 41 61 32 
31 51 35 53 52 
13 61 53 21 42 
41 45 23 12 32 
33 11 22 52 34 
42 32 23 15 32 
32 14 35 55 51 
42 45 43 21 35 
53 51 11 33 55 
22 24 13 15 15 
25 35 34 54 52 
34 53 35 14 51 
33 35 13 55 12 
15 61 25 21 42 
43 33 34 21 11 
31 31 61 23 45 
54 31 13 51 44 
11 45 35 11 55 
34 61 45 22 22 
11 43 55 41 31 
23 61 33 23 43 
53 54 44 11 14 
23 13 55 54 15 
24 43 35 52 13 
13 52 42 53 22 
44 55 52 25 14 
55 13 33 43 53 
44 53 52 42 55 
31 14 14 34 24 
45 35 44 33 31 
41 44 44 35 61 
41 32 13 15 52 
15 25 12 32 43 
42 61 31 43 41 
31 44 54 44 51 
14 52 51 25 55 
35 53 15 61 24 
22 23 22 52 14 
33 41 45 34 34 
53 14 21 31 44 
51 21 22 34 22 
53 55 45 13 54 
51 21 41 41 23 
