14 11 44 21 43 
51 42 12 15 15 
45 43 22 35 61 
35 34 61 15 12 
45 44 12 41 12 
41 13 43 12 11 
61 22 53 55 35 
21 52 44 32 55 
42 44 22 52 42 
13 43 45 55 14 
52 45 14 13 11 
41 13 12 32 15 
22 33 61 53 42 
35 14 24 32 22 
21 11 22 61 25 
41 13 52 14 14 
54 22 23 22 52 
13 42 53 13 32 
14 12 53 31 54 
61 24 14 61 43 
55 25 13 61 43 
61 15 12 52 35 
41 54 44 24 45 
41 31 23 13 14 
24 54 43 23 42 
31 35 31 54 45 
53 14 31 51 35 
33 35 12 25 15 
15 42 21 14 43 
43 61 52 43 53 
32 54 45 32 55 
22 43 23 32 15 
33 41 51 32 23 
13 34 41 54 15 
44 55 33 11 55 
53 42 35 54 53 
25 11 42 52 42 
54 61 13 12 23 
53 45 15 33 52 
22 12 33 32 61 
25 45 41 52 42 
53 15 31 11 14 
24 14 32 23 53 
41 52 53 22 33 
32 51 32 33 14 
45 25 35 15 43 
21 12 15 52 12 
43 43 21 34 41 
21 44 15 25 35 
24 12 34 42 41 
24 61 51 31 43 
32 24 13 21 44 
33 42 32 11 11 
34 13 11 45 14 
11 11 15 23 43 
53 14 41 13 15 
33 44 53 52 25 
55 21 55 32 31 
14 13 32 54 35 
25 43 34 15 42 
32 53 51 52 41 
61 12 52 42 45 
22 31 31 31 52 
12 13 25 53 31 
55 22 54 23 32 
25 11 54 52 15 
22 41 34 22 41 
45 22 12 11 35 
52 14 44 12 33 
12 42 61 11 33 
12 14 55 25 44 
15 15 52 54 52 
35 34 43 61 23 
41 54 51 31 44 
53 52 55 44 25 
23 54 13 51 15 
42 41 23 35 52 
24 22 13 34 43 
33 43 15 22 34 
14 53 21 34 52 
14 33 42 14 42 
53 14 32 45 54 
61 22 32 25 14 
22 43 11 33 25 
61 51 43 32 34 
45 34 42 34 54 
13 45 53 33 61 
14 24 52 45 24 
12 25 32 14 15 
33 12 31 21 45 
31 21 42 61 14 
45 43 33 14 25 
42 45 41 23 53 
34 55 31 14 15 
31 25 41 34 44 
61 32 15 33 44 
51 31 55 44 24 
42 35 52 23 25 
41 61 42 13 25 
55 33 35 21 12 
