61 32 54 15 31 
54 22 34 55 43 
35 24 31 12 55 
55 12 31 41 23 
51 44 43 55 53 
43 33 25 21 44 
35 14 25 53 23 
35 14 23 31 43 
32 32 53 25 33 
15 23 33 33 43 
11 12 25 44 45 
52 45 15 55 11 
42 34 13 35 61 
22 51 52 14 45 
52 14 32 54 23 
11 34 21 11 45 
15 35 12 15 42 
53 55 42 13 15 
51 44 55 21 51 
55 42 25 44 51 
35 42 22 11 34 
14 55 14 23 32 
23 54 23 23 61 
31 21 35 51 34 
33 23 31 61 61 
21 34 32 53 13 
21 15 55 45 13 
23 12 61 51 54 
31 31 51 23 43 
41 41 24 34 55 
32 33 13 35 35 
41 21 51 34 52 
52 13 34 52 45 
11 52 14 54 53 
34 33 41 32 45 
34 61 54 24 15 
52 53 61 33 15 
44 21 22 14 44 
41 43 21 31 52 
54 14 35 42 15 
53 33 43 41 33 
23 22 31 51 22 
12 45 24 52 41 
12 43 53 61 54 
43 54 51 12 34 
32 55 61 32 54 
22 54 24 52 22 
25 12 15 42 14 
33 13 11 22 44 
22 44 24 12 53 
32 31 54 14 41 
61 21 11 35 41 
52 42 45 33 61 
41 13 25 31 54 
11 45 24 44 22 
35 43 21 42 44 
45 31 22 42 12 
31 31 31 41 24 
21 12 13 32 23 
54 33 43 45 54 
13 41 24 33 55 
54 22 45 23 25 
21 25 14 44 15 
25 25 23 25 55 
14 31 11 31 25 
24 14 45 11 21 
42 15 54 44 42 
15 22 41 51 43 
24 13 33 51 41 
41 33 35 22 14 
54 44 54 12 14 
51 33 55 23 24 
61 42 44 13 11 
55 24 33 51 55 
53 14 61 11 32 
22 14 53 15 24 
11 33 22 33 34 
43 25 55 13 12 
24 24 61 21 24 
34 34 14 22 33 
41 23 51 53 23 
44 25 25 43 54 
35 14 52 13 15 
25 11 11 42 44 
45 21 11 15 43 
33 33 55 54 15 
44 25 31 14 51 
33 61 25 14 41 
51 22 61 51 52 
55 24 51 12 12 
54 54 21 51 34 
23 11 12 32 25 
53 31 15 52 53 
53 45 22 61 33 
25 25 44 12 43 
61 23 31 61 33 
35 31 54 25 44 
61 44 52 33 32 
25 31 13 61 12 
32 11 15 55 32 
