23 44 52 54 53 
23 12 51 31 44 
32 25 41 61 25 
13 32 15 53 23 
51 43 14 22 42 
42 25 44 12 54 
45 41 13 51 32 
23 34 13 21 15 
15 45 41 44 22 
42 35 35 51 33 
21 41 54 42 52 
42 52 54 51 24 
41 54 54 43 51 
15 41 34 21 33 
25 13 55 33 13 
24 54 41 21 32 
14 32 14 32 13 
44 53 35 21 53 
23 31 53 23 11 
11 42 25 34 14 
14 42 43 55 32 
13 42 31 33 21 
24 55 45 15 43 
25 61 52 25 13 
35 21 54 33 22 
12 25 32 45 14 
22 14 41 13 35 
43 23 43 54 14 
14 45 52 35 15 
23 33 55 51 33 
52 55 25 24 25 
34 22 45 54 25 
44 31 32 34 22 
31 55 41 42 43 
13 24 25 13 12 
61 35 31 31 54 
41 35 34 25 32 
21 61 14 51 51 
35 13 52 15 12 
35 35 41 44 12 
53 34 51 51 45 
13 11 31 34 51 
14 54 13 42 31 
41 55 52 12 44 
35 45 21 35 25 
54 13 52 12 44 
54 55 53 35 51 
25 25 55 44 12 
32 55 51 61 44 
44 22 33 12 25 
25 42 51 24 55 
43 23 12 31 12 
42 22 35 44 61 
35 24 31 21 24 
23 45 15 23 61 
14 42 33 24 25 
15 23 33 14 21 
34 14 15 23 21 
13 32 32 45 15 
13 53 31 45 25 
43 13 31 54 41 
11 43 15 54 23 
33 11 22 41 44 
13 22 32 43 22 
22 22 32 12 22 
22 51 61 33 12 
21 53 15 43 43 
54 41 11 61 15 
22 13 35 13 13 
21 53 12 13 34 
54 32 15 43 22 
24 55 34 14 55 
54 34 12 21 21 
24 14 15 45 45 
11 11 45 31 31 
25 53 15 45 15 
12 11 35 23 45 
52 53 41 23 51 
21 41 21 34 51 
31 41 22 21 13 
25 23 12 13 44 
43 21 25 45 55 
61 33 51 44 15 
54 44 33 52 34 
44 24 44 14 13 
33 43 54 31 41 
45 31 13 11 24 
44 52 55 34 12 
44 12 55 45 22 
52 53 32 11 22 
24 13 33 22 34 
15 43 51 45 32 
43 14 55 35 51 
35 12 54 14 51 
61 45 14 12 13 
12 45 52 43 13 
21 11 14 34 52 
51 14 32 32 45 
34 35 34 41 15 
12 54 45 43 12 
