12 25 61 15 12 
21 22 51 11 13 
32 32 14 21 44 
13 35 43 33 34 
13 24 12 53 14 
41 42 43 44 43 
34 55 54 23 45 
42 43 53 54 51 
15 54 45 33 44 
11 34 31 43 53 
35 22 52 35 43 
53 24 11 23 35 
54 12 41 53 25 
33 15 43 13 52 
13 25 54 24 53 
25 42 43 24 34 
55 15 22 44 14 
42 25 33 32 32 
34 22 13 35 41 
32 53 23 51 21 
52 54 22 35 11 
51 11 53 52 41 
34 11 13 42 11 
14 15 44 44 13 
25 51 25 14 45 
51 51 14 11 13 
12 35 32 12 44 
55 44 42 15 12 
33 35 55 34 41 
11 44 41 34 15 
13 54 55 61 32 
23 11 34 61 53 
24 11 22 44 13 
31 54 43 55 55 
15 52 35 53 44 
51 54 34 15 23 
53 61 25 44 44 
33 12 31 33 53 
11 21 55 31 14 
54 43 25 43 21 
45 42 34 14 55 
61 22 42 42 52 
54 11 22 45 13 
23 45 12 54 12 
55 25 13 33 61 
25 52 12 14 13 
13 44 24 12 31 
51 55 14 12 34 
13 45 14 35 23 
52 31 22 55 44 
41 22 31 12 15 
51 11 41 53 41 
32 51 22 22 34 
54 23 53 53 25 
43 51 33 12 21 
44 32 54 24 45 
44 52 55 54 61 
25 43 42 15 45 
22 42 13 11 44 
15 51 13 14 32 
54 33 24 61 33 
44 44 61 25 23 
52 61 35 14 12 
61 21 45 14 32 
54 41 43 55 21 
32 24 25 35 54 
61 44 41 33 33 
32 34 33 24 13 
32 41 25 25 55 
21 22 33 32 25 
15 51 13 22 41 
14 41 32 15 12 
35 43 32 45 32 
11 52 25 55 22 
52 44 23 45 41 
23 25 24 33 43 
23 22 15 25 43 
52 15 15 13 24 
45 52 43 12 55 
32 45 35 14 52 
34 31 33 11 31 
35 15 53 41 51 
24 61 24 15 15 
33 35 14 52 54 
52 54 61 14 43 
21 54 33 32 51 
13 45 25 22 24 
51 42 52 31 23 
44 11 24 54 55 
52 23 21 44 24 
15 32 35 35 52 
54 15 24 22 21 
54 34 35 42 32 
25 32 51 55 32 
54 41 15 33 24 
45 12 23 24 53 
15 35 42 44 44 
43 12 54 23 32 
33 43 33 12 55 
15 34 25 23 52 
