42 14 41 43 52 
53 11 31 43 11 
34 14 24 25 52 
24 54 25 31 24 
51 42 11 31 41 
55 43 24 32 34 
13 33 42 21 21 
45 21 45 23 45 
12 55 15 13 32 
35 52 51 43 23 
52 53 34 12 55 
32 22 24 51 52 
53 31 34 11 11 
32 42 22 23 34 
21 54 55 45 42 
34 51 54 42 22 
11 21 32 22 53 
22 55 53 34 22 
42 34 41 42 15 
45 43 33 52 13 
25 34 51 51 55 
34 24 42 42 11 
41 53 13 52 13 
42 61 31 31 23 
25 54 34 55 44 
13 44 61 13 33 
25 24 23 22 61 
25 53 55 55 23 
13 34 33 13 12 
24 33 45 12 45 
51 13 32 14 53 
43 53 52 54 43 
22 61 15 12 41 
24 11 12 23 21 
42 53 53 53 24 
13 53 11 43 14 
25 54 13 23 22 
54 53 23 33 52 
41 12 11 53 32 
11 51 22 51 61 
45 25 43 54 35 
42 41 55 31 52 
42 43 15 23 51 
25 44 45 35 54 
22 14 24 35 24 
41 14 51 31 55 
11 51 23 55 11 
23 22 54 11 52 
54 24 45 21 42 
55 61 54 22 12 
43 34 21 41 31 
44 14 52 34 23 
35 22 22 25 53 
44 43 23 45 55 
14 53 32 12 21 
12 11 15 41 53 
24 33 51 32 14 
14 35 35 33 55 
42 33 35 43 44 
24 32 55 14 32 
43 32 43 31 53 
21 45 31 53 45 
15 34 14 54 15 
12 11 41 12 44 
43 22 41 35 15 
44 24 55 25 11 
23 55 53 22 52 
41 32 14 51 52 
55 22 32 21 23 
33 55 22 44 52 
13 31 15 51 43 
53 45 41 33 34 
21 24 45 45 44 
52 54 23 61 41 
51 54 24 11 22 
13 42 32 51 55 
31 61 34 33 55 
44 43 32 43 14 
35 32 32 41 34 
54 14 24 23 43 
33 45 11 51 61 
32 32 45 45 52 
33 55 15 21 53 
43 32 44 34 13 
43 41 45 14 43 
44 51 14 44 61 
22 31 61 35 15 
11 34 45 15 52 
21 35 43 54 11 
34 35 31 55 51 
31 25 25 25 42 
32 55 12 54 51 
42 33 55 35 13 
34 13 44 35 52 
11 54 54 41 44 
43 35 32 53 43 
52 45 43 52 33 
55 32 51 44 61 
41 43 24 32 43 
61 24 55 53 25 
