55 41 21 61 25 
53 54 33 22 52 
25 45 21 53 34 
45 43 53 35 32 
23 43 43 25 11 
51 14 45 55 24 
31 23 45 23 43 
23 13 14 55 24 
22 12 61 51 45 
12 45 12 54 55 
43 41 31 15 14 
53 32 52 33 51 
31 14 45 14 13 
25 31 24 55 25 
52 41 33 11 33 
54 31 51 14 52 
61 45 22 23 41 
45 34 53 32 14 
13 11 51 22 14 
34 25 55 11 45 
61 44 55 54 34 
53 22 13 54 23 
35 12 41 35 61 
44 44 31 34 41 
53 55 12 54 24 
21 41 61 34 11 
35 25 51 44 55 
51 33 21 35 14 
41 31 13 34 52 
15 12 24 22 13 
44 35 53 45 43 
53 45 21 22 33 
53 33 15 25 15 
22 21 25 32 54 
51 15 21 12 51 
34 32 24 22 53 
14 12 15 42 35 
15 52 31 41 53 
55 11 14 11 55 
23 45 23 54 15 
14 23 25 12 51 
55 23 15 35 53 
54 41 43 11 61 
61 12 31 55 34 
15 25 51 15 21 
54 42 14 43 43 
51 15 25 54 42 
32 45 33 52 14 
54 11 23 54 55 
44 43 35 22 23 
11 34 22 43 23 
34 22 12 11 54 
22 31 34 44 24 
42 32 61 12 11 
52 54 12 22 52 
34 15 21 43 54 
34 44 25 42 24 
23 42 12 11 44 
42 21 51 32 22 
53 43 44 43 31 
44 43 52 35 33 
45 15 22 54 45 
11 21 31 42 21 
21 52 35 23 12 
24 43 35 53 53 
41 61 43 41 43 
11 43 23 54 51 
54 45 14 33 41 
43 32 23 23 61 
35 15 25 45 55 
11 23 22 54 55 
12 15 24 15 33 
34 12 42 34 51 
24 53 53 23 12 
22 14 45 43 13 
51 42 15 45 32 
13 52 21 31 42 
41 34 44 31 45 
41 24 12 54 21 
54 14 61 55 15 
23 61 15 55 32 
23 21 13 24 35 
23 21 15 21 21 
22 54 21 52 31 
43 15 43 14 23 
14 23 32 25 44 
13 53 51 55 54 
43 34 54 52 21 
24 11 54 14 25 
34 51 33 34 25 
24 25 12 14 43 
14 25 12 41 44 
25 21 12 53 42 
21 52 52 12 11 
54 44 14 14 44 
32 14 24 44 35 
54 52 51 23 22 
55 34 43 35 34 
53 54 21 61 32 
31 22 25 61 21 
