33 52 22 34 55 
42 24 31 23 42 
55 33 42 22 43 
44 44 23 22 34 
61 52 32 31 15 
11 33 13 12 14 
31 15 35 13 54 
54 31 41 53 35 
43 33 61 24 13 
21 61 54 23 25 
42 52 31 43 13 
25 44 23 51 22 
25 54 53 15 61 
41 25 42 44 61 
43 53 13 41 32 
12 55 35 34 11 
12 41 43 42 55 
54 45 55 35 55 
54 51 51 15 61 
24 24 44 21 44 
43 14 41 34 11 
23 32 32 33 22 
12 21 61 22 41 
23 44 35 25 22 
52 13 35 53 54 
25 15 23 24 44 
35 22 31 22 52 
54 33 12 25 61 
12 34 45 31 55 
43 53 12 24 51 
23 45 15 55 61 
54 31 14 11 54 
35 61 31 21 33 
32 35 22 45 21 
32 15 53 35 32 
33 21 11 14 31 
25 61 34 61 43 
32 25 33 21 33 
61 41 12 14 25 
23 14 43 21 11 
13 11 35 25 33 
53 55 31 41 35 
55 13 25 54 13 
22 11 61 31 51 
15 61 13 35 42 
21 21 55 23 51 
25 23 21 15 15 
14 61 15 44 42 
43 42 15 15 12 
35 45 24 22 14 
24 61 52 14 34 
31 24 42 32 55 
35 52 42 41 12 
53 44 12 31 32 
42 45 24 51 45 
53 32 34 35 51 
32 14 55 41 53 
25 24 44 13 33 
12 22 44 32 51 
53 24 45 41 54 
53 41 41 24 13 
35 53 55 31 23 
41 41 55 22 43 
24 25 23 43 32 
33 25 53 31 53 
25 31 35 23 51 
55 52 14 14 25 
35 44 15 11 31 
44 15 21 21 53 
43 13 21 34 13 
53 34 55 41 35 
11 53 24 31 53 
43 31 43 13 42 
55 42 22 42 54 
53 55 52 31 11 
53 55 24 13 44 
14 53 54 55 13 
12 21 32 13 12 
53 25 42 24 13 
12 54 13 12 12 
35 42 33 51 53 
61 24 21 44 42 
13 45 61 61 14 
32 55 33 21 13 
13 21 24 23 32 
41 41 12 21 13 
34 22 55 33 61 
33 55 51 45 35 
23 54 34 24 61 
21 15 13 13 24 
55 15 33 44 52 
53 25 52 32 53 
51 43 45 43 25 
12 33 24 45 52 
53 51 24 41 42 
21 25 12 24 24 
53 61 61 45 35 
45 33 44 31 11 
35 12 61 43 42 
33 31 52 55 42 
