12 12 11 11 54 
14 42 42 61 33 
23 45 41 31 14 
33 52 14 24 12 
32 35 45 34 35 
32 31 53 31 33 
23 54 25 54 12 
52 33 61 24 22 
25 34 44 33 34 
24 53 33 34 25 
33 53 55 24 33 
11 44 14 45 15 
24 35 31 32 54 
21 15 34 45 24 
11 61 41 45 33 
53 23 35 12 14 
45 53 34 12 53 
21 52 43 44 61 
44 43 44 41 35 
24 33 55 34 31 
61 51 14 25 25 
22 53 45 55 45 
21 33 55 34 21 
21 44 24 41 31 
22 51 13 45 41 
42 34 25 24 42 
43 11 15 13 42 
11 33 23 22 41 
32 51 53 44 42 
33 32 33 21 34 
23 12 11 55 22 
54 61 33 22 31 
61 52 25 31 13 
43 23 34 54 31 
15 24 43 14 55 
24 24 61 55 42 
25 14 42 55 34 
42 52 53 35 44 
24 13 54 32 15 
34 13 24 25 45 
54 53 13 33 53 
24 55 32 25 52 
42 54 33 35 52 
55 54 13 21 53 
23 43 53 61 41 
55 44 53 45 61 
53 52 41 22 61 
35 22 51 15 34 
54 45 42 41 12 
51 55 23 35 25 
41 42 54 11 43 
22 23 61 34 43 
23 33 12 41 15 
43 55 35 32 34 
25 14 35 11 52 
21 51 21 31 34 
53 25 21 54 14 
25 52 31 25 21 
42 21 11 15 52 
51 32 13 13 35 
43 12 52 22 13 
31 42 34 22 25 
53 25 44 25 51 
45 42 11 44 33 
45 32 34 52 25 
41 35 53 34 25 
14 31 52 12 14 
53 34 35 11 54 
55 32 61 14 35 
51 51 23 55 11 
15 21 15 45 15 
13 34 13 34 34 
15 32 45 24 33 
13 52 55 61 42 
23 55 43 22 33 
45 61 52 33 33 
11 55 11 31 33 
53 55 24 12 22 
23 42 43 33 15 
43 11 55 52 52 
12 34 41 21 12 
14 41 25 52 13 
54 31 31 12 14 
21 13 43 51 31 
32 31 61 33 44 
14 44 21 52 23 
13 31 45 25 42 
13 34 11 34 13 
24 44 12 45 44 
21 33 31 42 25 
24 34 24 25 52 
15 24 12 13 44 
52 35 22 23 52 
31 11 24 11 25 
52 43 35 52 22 
13 33 23 11 13 
15 44 52 12 53 
23 44 51 15 32 
22 54 33 11 52 
12 21 61 32 12 
