32 22 11 14 15 
31 32 41 54 23 
22 33 43 15 44 
21 14 32 54 52 
41 54 43 13 55 
55 45 42 44 13 
12 15 35 55 25 
44 22 32 55 11 
42 23 12 53 31 
22 44 45 34 43 
53 45 14 35 54 
44 22 34 12 44 
21 53 61 15 33 
35 23 31 52 53 
43 35 33 55 32 
55 45 33 53 54 
51 54 35 34 34 
52 32 45 12 31 
45 31 51 54 45 
34 51 42 61 21 
32 13 32 45 44 
61 34 33 55 45 
34 24 53 15 22 
41 14 12 45 53 
23 22 13 14 44 
55 35 51 15 32 
15 23 54 32 23 
13 32 11 61 51 
54 23 42 15 61 
44 35 25 34 33 
12 15 33 15 51 
44 52 61 24 11 
45 32 12 41 53 
34 15 52 12 45 
13 43 45 41 61 
42 23 44 35 31 
12 55 51 55 61 
42 53 15 34 52 
42 21 11 15 22 
32 13 21 44 52 
15 21 13 43 51 
52 51 25 12 45 
55 33 21 44 54 
22 45 34 23 25 
61 34 14 53 55 
55 34 35 23 52 
44 45 42 24 42 
11 11 41 35 35 
32 45 32 35 44 
22 31 61 14 34 
51 23 23 54 51 
23 45 55 55 31 
42 33 23 14 42 
24 33 45 51 12 
45 55 52 34 51 
43 43 14 31 35 
14 43 14 43 45 
52 51 52 41 14 
54 13 34 11 33 
31 13 13 22 21 
11 34 61 32 21 
13 44 11 25 41 
23 14 61 34 41 
44 43 13 61 34 
22 44 55 53 23 
31 52 11 55 45 
42 23 54 52 25 
32 23 22 31 12 
22 43 34 12 44 
15 24 22 42 11 
31 24 15 12 51 
44 55 21 55 43 
44 31 11 25 14 
13 21 21 32 15 
25 14 11 23 14 
32 51 43 44 25 
41 55 51 34 13 
21 21 33 54 13 
31 53 13 53 51 
43 22 14 35 51 
11 53 33 45 53 
33 11 41 23 42 
23 21 24 15 42 
61 43 23 15 21 
14 12 24 11 35 
24 35 31 22 25 
35 45 22 54 54 
35 14 61 14 11 
51 41 51 31 21 
12 42 43 14 43 
51 14 12 24 23 
45 25 31 45 54 
22 24 15 53 42 
22 53 32 55 14 
54 13 13 45 13 
11 24 44 13 23 
51 42 53 25 42 
33 22 52 54 61 
34 43 45 25 55 
31 12 21 14 15 
