45 34 34 54 51 
13 31 31 15 53 
15 34 34 33 43 
61 22 61 31 31 
55 13 13 12 51 
32 25 15 11 31 
35 55 45 21 15 
41 35 31 22 31 
54 32 44 52 22 
43 14 53 55 43 
22 45 21 52 55 
42 14 34 31 23 
22 23 55 34 15 
15 43 21 25 43 
35 44 13 22 44 
32 14 35 54 13 
45 53 24 31 45 
54 51 23 22 31 
23 52 33 21 53 
14 23 22 13 54 
45 32 32 55 25 
24 55 12 35 44 
15 13 54 23 52 
51 22 35 52 25 
42 41 51 11 44 
61 21 41 55 45 
32 24 14 33 31 
53 43 22 22 23 
15 54 43 33 25 
45 23 53 34 43 
54 13 12 45 15 
13 44 55 31 43 
52 44 34 25 14 
51 24 13 23 15 
24 32 11 31 51 
11 21 31 15 41 
31 12 23 15 52 
61 55 23 53 21 
55 43 32 44 55 
43 45 15 45 11 
11 34 55 53 45 
12 33 25 44 53 
54 23 53 25 52 
51 41 25 45 61 
42 11 11 44 43 
41 55 21 14 12 
51 23 24 54 45 
13 41 44 23 53 
32 34 31 22 45 
51 53 15 54 21 
55 12 43 14 32 
32 33 12 42 25 
43 44 15 23 14 
55 15 25 54 54 
34 33 43 23 24 
45 55 51 42 34 
22 15 41 35 34 
22 13 32 15 61 
54 13 24 53 53 
15 25 45 35 25 
12 43 21 41 42 
12 34 51 61 53 
32 22 51 22 24 
41 13 11 41 53 
55 15 54 21 11 
52 44 35 34 13 
15 53 61 21 15 
12 53 54 15 31 
11 32 44 11 61 
45 14 14 43 22 
24 12 44 52 34 
25 52 11 54 12 
51 34 55 51 33 
41 53 32 41 15 
11 32 35 35 13 
14 51 33 12 42 
22 52 45 55 55 
23 44 21 34 23 
22 11 12 31 11 
25 34 11 61 15 
12 42 45 41 11 
35 41 45 53 54 
21 13 22 51 22 
53 51 12 21 42 
53 32 53 55 53 
15 42 42 15 25 
21 42 31 31 25 
21 15 34 51 44 
54 34 35 44 43 
44 14 14 23 54 
15 32 52 13 41 
25 32 33 42 44 
42 25 34 13 34 
52 43 13 21 44 
42 42 24 42 34 
32 52 54 32 61 
14 55 45 24 15 
43 45 32 25 25 
25 54 21 34 24 
61 33 13 32 23 
