45 25 42 25 33 
45 32 21 33 12 
54 21 11 53 42 
25 33 45 25 24 
15 52 11 42 11 
61 12 44 14 42 
35 24 14 24 43 
11 32 33 25 33 
15 33 61 23 43 
15 44 54 54 45 
22 23 15 24 33 
33 15 21 22 21 
23 11 11 55 23 
42 33 15 15 41 
51 34 33 42 33 
51 11 32 45 14 
55 41 33 35 31 
45 15 44 15 25 
13 44 31 41 42 
21 32 41 14 52 
45 42 61 33 15 
32 31 54 21 12 
32 22 55 12 52 
15 35 12 25 25 
24 44 41 25 42 
44 25 22 61 41 
23 14 54 53 55 
21 33 45 53 55 
45 53 11 23 11 
21 14 44 12 23 
32 61 22 54 12 
15 11 61 15 42 
35 33 25 32 43 
15 23 34 44 41 
15 23 11 52 11 
15 24 12 44 15 
12 31 52 55 31 
25 54 12 12 25 
13 45 21 32 33 
23 34 53 14 13 
45 45 13 13 21 
43 55 61 33 21 
15 32 54 23 31 
14 42 14 34 53 
45 21 12 32 31 
45 41 25 24 22 
15 21 55 53 12 
32 32 24 41 61 
42 41 22 21 35 
55 11 23 52 54 
42 61 13 25 21 
45 22 34 54 61 
43 14 24 42 34 
45 51 35 25 22 
15 53 22 35 34 
24 53 42 32 43 
42 32 14 61 23 
21 13 22 54 32 
12 35 13 21 33 
13 51 42 53 43 
44 15 31 35 22 
11 61 21 25 41 
13 22 41 61 35 
42 35 21 11 54 
31 41 43 31 33 
42 42 24 53 44 
13 45 61 21 35 
55 51 24 54 34 
61 44 11 61 61 
42 12 12 23 31 
23 35 24 55 61 
45 44 54 23 21 
34 42 15 54 45 
14 31 42 53 53 
52 14 35 13 23 
44 14 41 15 54 
51 52 31 24 31 
45 32 15 33 41 
24 31 15 22 52 
35 31 61 43 34 
33 15 33 21 33 
32 44 61 43 45 
35 22 44 23 41 
44 35 13 61 22 
34 53 52 14 13 
53 44 54 53 52 
51 54 54 24 41 
51 24 12 53 34 
61 14 41 52 32 
41 13 54 35 22 
51 32 61 53 23 
52 35 52 42 13 
52 11 54 23 22 
51 11 55 21 33 
14 44 45 55 12 
34 24 55 15 12 
31 41 61 14 55 
51 25 51 25 21 
42 25 33 22 21 
45 42 22 32 53 
