32 35 21 32 44 
22 34 25 25 53 
32 42 12 34 32 
14 35 15 41 41 
23 55 31 21 53 
12 54 54 44 25 
31 22 15 43 32 
52 34 43 51 32 
22 43 11 45 43 
34 32 14 21 44 
31 54 43 51 43 
54 12 25 54 44 
31 33 11 31 11 
54 33 25 35 32 
15 54 53 32 34 
52 41 14 51 21 
43 12 14 24 34 
32 41 24 35 35 
15 55 45 51 44 
23 43 22 11 32 
31 15 35 21 52 
21 41 61 34 42 
42 61 24 54 41 
55 14 15 54 53 
35 12 52 31 14 
25 32 33 32 15 
25 52 15 61 12 
23 32 61 51 34 
54 61 52 53 42 
54 53 34 55 51 
14 51 45 15 41 
53 45 15 11 45 
42 41 25 55 52 
45 41 54 53 23 
23 53 41 23 23 
55 32 21 53 25 
21 54 41 15 23 
34 25 54 14 15 
52 33 24 51 42 
32 41 25 55 61 
13 14 44 44 43 
42 51 42 31 15 
61 31 24 22 12 
53 61 43 25 25 
55 24 42 12 52 
23 52 23 52 54 
32 41 13 41 54 
15 43 44 23 34 
35 21 35 21 12 
34 31 45 32 11 
24 54 52 44 42 
11 14 34 23 53 
45 15 43 41 41 
55 23 14 11 55 
61 12 11 51 24 
12 21 12 24 54 
61 53 11 14 55 
25 24 22 45 13 
11 13 35 15 33 
14 55 53 32 61 
42 55 24 33 32 
33 12 33 45 42 
25 44 52 35 55 
25 52 11 22 33 
33 43 41 14 22 
25 43 55 25 44 
53 33 53 11 15 
61 11 45 55 51 
44 44 55 35 21 
35 15 61 34 12 
53 21 32 54 23 
34 13 33 33 11 
55 45 55 23 55 
42 25 13 52 21 
45 42 61 41 44 
32 21 43 22 44 
25 22 32 31 13 
52 23 15 15 24 
11 52 21 34 23 
54 43 51 32 25 
14 52 34 44 43 
34 44 11 31 22 
23 52 13 22 33 
34 31 13 33 12 
61 33 42 35 25 
25 13 35 44 55 
21 15 61 34 32 
61 45 52 35 13 
35 34 24 25 12 
33 24 11 22 32 
42 33 25 54 55 
61 61 23 54 15 
34 35 45 53 33 
15 25 33 55 22 
44 33 45 23 51 
12 23 11 35 23 
12 25 43 32 44 
54 22 61 44 24 
13 33 43 44 33 
24 45 61 22 12 
