33 31 15 12 21 
12 32 22 12 42 
61 42 55 31 21 
61 32 41 11 25 
35 35 15 23 24 
61 44 31 45 53 
53 54 35 54 31 
52 43 25 14 31 
11 61 12 55 15 
41 55 21 33 61 
61 14 33 24 34 
15 24 25 51 22 
43 54 11 34 35 
45 14 25 35 23 
43 42 61 45 11 
31 35 25 51 13 
41 45 42 45 35 
34 11 15 31 21 
12 14 33 55 43 
14 24 14 21 44 
43 41 61 21 21 
31 14 54 44 21 
11 61 14 41 31 
54 15 41 15 53 
52 42 15 55 45 
55 61 15 15 32 
34 24 14 54 13 
55 35 23 61 53 
54 55 25 13 11 
13 15 31 22 35 
25 34 14 31 31 
54 42 11 33 52 
31 45 12 22 21 
43 33 61 33 25 
51 24 44 54 35 
34 13 44 22 35 
55 21 41 25 55 
45 21 23 33 32 
21 14 11 25 55 
53 51 42 24 42 
21 52 44 52 33 
41 14 43 43 12 
42 22 54 31 42 
34 14 43 21 24 
41 22 22 14 23 
21 21 22 15 33 
15 44 53 33 23 
24 53 12 52 55 
31 54 11 23 14 
25 34 35 45 45 
52 41 22 51 14 
55 13 52 22 53 
21 41 25 44 22 
55 52 24 44 53 
33 53 34 24 31 
33 25 51 25 23 
55 13 31 22 35 
54 15 44 13 43 
15 22 33 34 24 
33 54 31 54 45 
45 41 44 32 44 
45 52 32 31 15 
11 13 25 15 11 
25 55 21 45 21 
61 52 61 13 45 
41 54 45 33 11 
34 52 24 14 51 
22 11 34 52 25 
11 42 35 52 43 
45 13 44 24 14 
12 61 61 11 34 
42 44 34 35 35 
41 22 53 61 45 
12 32 55 51 13 
51 23 51 45 24 
14 21 11 61 55 
43 45 31 22 53 
33 41 14 54 45 
54 61 45 53 31 
22 45 42 54 52 
44 12 14 45 41 
12 61 12 42 55 
44 13 52 22 13 
14 33 42 24 12 
13 23 31 22 25 
25 51 32 22 43 
23 45 55 31 55 
34 24 11 52 13 
13 12 33 31 25 
33 55 45 24 51 
13 24 25 44 15 
41 11 45 53 22 
45 23 14 15 25 
61 24 31 21 45 
44 13 33 22 21 
33 32 31 45 24 
54 51 43 45 55 
44 12 51 45 42 
54 44 22 61 21 
15 35 11 54 41 
