14 42 13 21 11 
34 13 61 11 54 
15 41 22 33 44 
55 25 25 33 24 
43 34 24 25 41 
54 32 45 32 55 
31 13 54 23 53 
21 51 15 43 13 
55 35 25 54 13 
11 42 51 23 24 
35 42 51 52 44 
33 34 41 23 32 
14 23 12 51 41 
14 42 24 44 23 
15 43 61 21 11 
45 24 52 25 11 
24 11 61 52 25 
32 11 11 14 31 
61 23 32 11 43 
12 52 13 31 53 
22 11 61 21 31 
41 15 31 44 24 
31 32 61 12 12 
32 14 13 23 34 
52 61 61 44 11 
34 45 41 45 55 
13 41 32 52 12 
31 13 43 54 14 
25 51 55 54 11 
53 45 22 51 42 
23 35 45 11 54 
45 24 14 24 33 
42 44 15 24 34 
23 21 31 34 32 
33 54 35 51 61 
61 44 14 33 14 
61 53 51 61 55 
61 11 24 53 24 
13 35 13 45 35 
25 11 34 41 24 
52 13 43 35 61 
14 42 43 43 31 
42 61 44 44 12 
54 32 61 11 34 
11 51 11 41 22 
14 45 55 33 21 
31 45 44 61 61 
55 22 23 24 15 
61 12 41 52 43 
35 22 45 22 44 
21 45 22 11 54 
22 32 15 34 45 
31 44 44 45 45 
42 22 22 35 24 
41 61 41 31 55 
45 51 14 52 31 
45 52 33 31 31 
41 55 51 61 43 
15 12 43 14 25 
41 11 21 53 31 
12 52 53 31 32 
23 23 21 14 31 
52 45 15 33 24 
12 13 14 43 35 
61 23 33 12 21 
45 25 43 52 61 
12 33 14 13 42 
61 24 23 52 51 
23 53 51 52 25 
53 24 32 13 31 
31 34 13 44 23 
13 51 24 54 43 
13 55 31 54 54 
51 45 41 25 33 
24 32 31 44 12 
54 35 33 15 43 
33 51 35 12 55 
45 31 35 41 14 
24 45 11 21 55 
54 54 55 45 33 
33 31 52 61 21 
21 52 31 32 44 
21 31 41 34 31 
61 54 13 12 61 
21 51 44 12 45 
45 42 11 13 54 
53 14 25 14 15 
53 31 33 51 55 
52 15 35 61 52 
55 43 51 34 51 
23 55 14 22 25 
45 31 54 14 11 
11 21 25 53 32 
43 54 11 23 52 
11 61 51 55 54 
54 24 45 54 32 
45 22 45 51 44 
12 24 61 12 61 
45 33 42 11 11 
13 25 22 22 34 
