32 35 41 52 22 
21 51 44 44 41 
52 52 31 23 32 
61 23 45 34 42 
13 34 55 53 22 
11 32 34 23 41 
61 53 14 53 44 
43 52 44 23 43 
44 12 11 25 32 
32 44 61 24 42 
32 34 41 53 51 
42 14 14 61 43 
34 45 34 21 14 
54 22 61 44 21 
32 14 53 12 13 
12 24 25 35 15 
21 42 14 15 44 
11 41 44 43 43 
51 33 21 31 44 
13 13 21 45 11 
44 55 42 53 31 
22 34 41 33 42 
53 32 44 14 44 
42 11 32 41 23 
21 32 13 32 23 
14 42 31 42 31 
32 42 52 15 15 
35 31 11 33 61 
51 43 55 24 22 
52 22 55 51 25 
24 13 11 25 61 
42 43 22 42 44 
51 24 61 45 44 
23 55 25 24 61 
43 14 54 61 42 
31 43 53 41 52 
24 31 15 15 34 
54 13 54 51 23 
31 41 12 45 31 
11 21 35 53 52 
55 42 43 55 55 
43 25 22 15 54 
35 43 32 24 45 
25 33 61 42 51 
13 55 31 61 32 
34 15 51 31 13 
33 53 25 42 12 
21 12 61 14 25 
13 31 35 43 54 
54 23 43 54 14 
21 22 44 41 41 
23 53 22 13 34 
34 51 43 55 51 
45 55 53 53 24 
52 21 25 42 24 
24 23 22 43 41 
45 42 55 25 52 
41 25 52 41 24 
24 33 14 44 42 
55 13 52 41 23 
34 44 22 43 11 
32 22 52 52 43 
22 52 24 44 24 
54 43 44 31 11 
44 34 34 54 13 
52 53 22 11 41 
21 44 52 25 21 
14 33 32 61 15 
11 21 21 44 33 
34 32 34 25 31 
53 21 13 41 45 
25 22 33 33 31 
41 15 31 12 42 
45 61 23 24 33 
54 45 61 34 15 
22 54 25 33 21 
31 32 14 31 55 
21 24 15 61 32 
52 13 25 13 31 
13 32 22 23 53 
44 41 54 32 24 
61 13 51 14 24 
22 51 35 23 21 
15 34 35 42 53 
51 11 42 44 33 
42 54 23 61 31 
11 11 43 52 14 
21 13 34 41 44 
55 23 32 32 32 
31 22 22 43 35 
45 12 12 45 33 
34 33 35 34 31 
14 14 43 21 25 
22 22 35 31 31 
61 25 61 15 32 
12 22 52 14 13 
61 15 21 15 53 
45 44 52 53 61 
43 11 55 61 34 
54 51 23 53 13 
