25 31 54 55 12 
41 34 25 54 52 
23 13 45 22 24 
61 44 21 11 52 
33 11 32 25 22 
35 25 12 13 53 
43 33 22 21 55 
12 11 61 54 32 
23 22 54 35 35 
14 22 21 45 42 
34 54 24 24 13 
13 34 51 22 21 
61 44 24 21 44 
61 41 33 55 52 
34 31 55 13 34 
51 53 45 43 12 
35 23 52 45 54 
53 13 52 35 25 
21 61 51 15 52 
13 13 54 24 13 
55 11 35 44 13 
54 35 25 13 12 
43 53 41 41 53 
51 11 34 55 22 
25 55 41 61 25 
41 31 51 15 55 
22 31 32 15 11 
44 15 24 54 23 
54 21 24 25 35 
23 53 23 33 31 
43 11 54 11 14 
44 43 21 32 61 
25 31 21 23 23 
12 55 24 21 11 
45 53 34 41 24 
42 25 21 13 33 
15 44 13 33 15 
42 31 44 22 25 
22 55 12 13 31 
35 54 25 61 35 
32 54 55 42 31 
23 25 55 43 13 
14 15 32 52 51 
34 33 13 25 13 
21 31 23 22 54 
14 15 24 45 52 
23 31 25 43 32 
11 33 12 41 42 
42 34 44 61 41 
53 44 33 21 41 
45 23 15 31 42 
52 12 33 61 11 
51 33 53 61 55 
21 33 44 51 11 
44 33 14 15 32 
45 42 13 11 34 
42 52 13 12 22 
35 24 35 22 31 
54 33 25 51 45 
42 32 25 55 42 
31 32 13 23 21 
15 44 24 34 33 
32 45 15 45 25 
43 61 31 45 35 
44 55 45 35 32 
24 11 42 21 54 
34 13 35 15 13 
14 43 44 12 23 
43 41 31 52 44 
14 44 35 55 41 
12 45 53 22 55 
35 43 51 21 12 
32 22 21 13 12 
41 22 45 12 54 
51 53 23 11 25 
54 13 43 14 55 
42 25 14 42 23 
61 33 33 14 34 
14 11 25 33 51 
61 13 33 35 24 
11 44 25 55 21 
45 51 31 13 35 
24 61 11 13 23 
23 22 34 42 42 
15 51 31 42 21 
13 55 11 32 41 
61 41 54 41 35 
11 22 61 34 43 
42 52 34 34 51 
34 21 35 52 13 
44 21 24 34 25 
31 31 32 12 42 
45 41 22 25 25 
31 31 12 14 54 
12 11 51 52 13 
32 51 11 44 22 
61 33 15 13 22 
25 41 12 41 23 
34 55 33 41 22 
32 52 23 45 13 
