22 15 25 12 52 
44 11 24 44 42 
32 43 14 44 21 
22 55 34 23 34 
32 13 23 32 12 
35 53 45 13 15 
33 43 12 35 11 
45 45 45 33 51 
45 13 12 42 51 
42 11 15 51 13 
44 42 34 15 44 
43 32 21 32 44 
41 55 54 41 53 
42 52 15 32 12 
31 24 23 22 45 
21 21 14 51 13 
21 35 33 33 13 
45 34 15 53 55 
15 61 45 14 24 
45 21 41 14 14 
31 41 21 11 24 
12 61 43 45 61 
43 31 32 33 14 
22 25 23 41 23 
22 54 25 34 34 
23 24 41 34 61 
61 54 33 13 34 
24 44 61 55 51 
21 22 44 44 24 
25 25 34 25 45 
51 11 11 35 43 
21 35 22 34 55 
42 44 44 52 35 
25 52 11 35 15 
25 15 53 25 45 
31 51 44 55 32 
22 34 51 33 22 
34 55 51 33 43 
54 42 54 34 44 
55 22 23 35 24 
41 55 12 22 15 
44 13 52 61 13 
61 34 44 23 52 
51 43 43 24 44 
15 13 24 51 45 
12 25 55 45 21 
34 15 11 61 31 
21 22 41 14 15 
25 51 41 53 11 
11 44 44 21 51 
25 12 51 24 23 
14 22 31 33 24 
23 21 23 35 21 
55 23 11 42 52 
13 41 15 45 54 
24 34 21 44 14 
32 15 52 41 11 
61 53 24 43 14 
33 55 24 43 14 
32 41 32 12 23 
15 34 21 21 55 
11 21 25 53 13 
23 14 32 43 35 
12 51 45 24 44 
13 35 13 11 32 
34 54 53 25 13 
12 24 41 14 52 
42 24 15 41 44 
54 32 35 15 11 
22 42 53 24 23 
13 35 32 34 25 
54 14 43 53 25 
43 61 34 21 33 
41 22 52 15 54 
35 13 24 32 35 
13 54 22 32 31 
21 22 14 31 33 
34 43 24 34 14 
31 55 53 33 14 
35 42 45 61 23 
24 42 12 53 24 
21 43 15 31 11 
32 14 12 52 42 
54 54 42 12 24 
55 32 23 12 25 
33 45 61 41 12 
34 31 43 24 35 
54 34 11 51 34 
51 54 25 24 45 
31 15 44 54 55 
42 33 21 11 13 
61 25 13 43 23 
12 53 25 31 34 
33 34 32 53 22 
41 12 34 11 53 
31 25 42 14 35 
34 24 15 51 21 
45 51 33 54 34 
52 23 51 52 53 
55 54 14 45 32 
