31 25 41 45 15 
41 55 41 12 52 
13 45 41 32 43 
22 21 23 23 54 
23 31 23 24 15 
12 34 31 42 44 
35 42 61 51 54 
14 45 13 32 52 
51 14 21 32 52 
45 61 15 54 43 
33 33 35 31 25 
35 42 32 61 53 
11 33 53 22 25 
31 31 14 41 34 
34 43 12 44 61 
34 23 24 42 42 
25 52 22 41 34 
41 14 32 32 55 
25 14 23 45 55 
23 55 34 41 25 
45 44 15 13 51 
32 42 11 14 43 
42 24 55 12 35 
55 53 34 24 44 
31 13 31 41 43 
31 25 23 14 52 
23 15 41 23 33 
21 55 51 21 15 
32 25 53 21 13 
22 52 32 54 21 
12 42 41 33 14 
12 35 41 51 35 
34 55 25 34 24 
53 43 55 33 45 
55 25 51 44 12 
53 12 15 12 43 
32 45 14 11 12 
24 14 11 43 45 
61 23 13 11 11 
34 35 52 54 44 
21 25 55 55 24 
15 51 44 24 55 
35 43 43 12 35 
41 33 13 25 33 
34 52 23 25 54 
15 55 31 31 23 
31 24 23 41 25 
23 54 53 42 14 
21 15 12 45 52 
44 24 13 23 22 
11 23 51 52 13 
24 44 13 51 15 
22 22 43 13 31 
43 32 34 43 35 
34 25 14 44 53 
43 43 61 43 61 
51 52 53 32 43 
25 43 44 55 31 
41 33 55 55 24 
21 23 41 11 52 
12 61 45 41 24 
41 41 25 32 44 
53 11 32 11 51 
43 24 54 31 13 
22 23 33 35 23 
22 44 13 31 32 
35 54 44 11 53 
61 15 61 31 12 
21 53 44 12 52 
13 11 21 32 31 
24 54 13 41 61 
51 31 41 44 44 
52 53 33 43 15 
12 24 45 42 45 
11 43 55 15 33 
42 24 15 42 33 
15 21 35 53 55 
51 45 14 24 34 
23 55 35 31 31 
11 21 53 54 53 
15 14 15 31 11 
31 14 32 54 34 
21 24 42 55 53 
33 21 52 14 51 
13 22 53 13 21 
25 61 44 11 34 
51 32 32 51 52 
42 14 15 24 53 
44 33 43 53 32 
22 23 34 42 43 
13 11 14 33 44 
34 61 11 61 21 
42 32 21 54 34 
43 32 54 35 23 
54 55 23 53 32 
44 33 31 34 22 
43 31 13 55 54 
35 51 15 54 61 
45 55 33 45 41 
23 61 52 43 34 
