45 32 43 34 41 
12 22 41 44 14 
15 32 41 15 34 
23 44 53 45 15 
51 13 41 43 61 
31 41 22 34 12 
51 41 13 21 31 
45 61 24 32 43 
51 54 61 44 22 
45 43 34 11 41 
33 13 41 52 43 
14 44 22 45 51 
53 45 24 55 44 
32 55 21 53 43 
14 44 12 31 25 
14 42 45 54 61 
51 32 33 61 42 
34 21 15 12 41 
13 45 54 35 14 
33 42 31 51 41 
43 54 31 44 41 
41 34 22 34 11 
54 25 52 33 24 
53 43 21 15 33 
13 51 33 51 12 
23 43 21 34 11 
55 45 44 14 11 
12 52 31 61 32 
31 45 61 52 51 
21 23 31 54 22 
22 34 12 22 14 
14 33 33 44 45 
22 34 53 15 14 
23 44 15 32 31 
53 24 42 12 24 
11 22 33 43 21 
55 54 45 55 34 
44 31 12 51 32 
44 55 61 51 34 
35 14 44 53 51 
42 61 33 41 35 
33 61 33 55 35 
32 32 44 44 53 
11 51 24 51 42 
15 35 42 32 55 
45 35 33 14 22 
32 61 14 54 13 
21 23 12 34 33 
25 52 11 45 31 
25 54 22 33 35 
45 34 23 44 23 
35 32 14 35 32 
21 22 13 24 23 
35 61 11 41 25 
43 61 55 32 32 
11 45 21 61 13 
13 21 52 41 42 
34 51 51 54 14 
51 54 61 22 34 
24 24 53 52 32 
61 32 14 15 53 
15 21 32 33 51 
32 35 35 44 52 
11 54 33 61 32 
61 15 42 31 34 
61 54 24 31 44 
13 34 43 25 51 
55 32 51 33 14 
43 52 35 32 41 
51 24 32 52 32 
45 13 45 54 34 
42 55 35 23 53 
25 61 31 11 11 
41 42 25 44 42 
11 45 34 14 53 
14 53 43 53 53 
54 34 24 13 51 
43 54 11 25 21 
61 23 31 55 42 
45 15 14 55 13 
33 43 25 52 21 
54 35 32 45 21 
33 21 45 43 44 
42 22 11 53 52 
14 35 33 55 12 
53 53 52 13 45 
31 53 11 12 14 
55 42 51 13 43 
21 54 14 55 34 
21 52 52 25 43 
41 42 61 14 54 
13 14 42 41 45 
45 43 61 21 35 
53 33 42 54 12 
24 55 43 35 25 
12 21 31 21 31 
45 44 33 55 31 
24 42 42 34 53 
13 41 43 34 21 
42 52 45 25 51 
