61 25 35 23 61 
24 42 53 41 22 
52 25 42 44 52 
43 21 52 41 12 
33 32 35 52 23 
13 53 21 13 25 
45 12 23 61 54 
35 21 43 34 53 
61 44 21 61 31 
53 13 35 51 34 
35 13 12 44 35 
42 41 35 43 41 
42 25 33 52 33 
44 43 25 15 33 
24 41 43 41 34 
21 42 45 43 54 
32 51 25 24 23 
21 31 45 24 32 
55 42 34 54 54 
54 45 11 31 44 
12 52 22 45 54 
24 61 41 54 54 
12 41 34 61 34 
45 51 51 24 44 
54 34 44 22 11 
14 53 21 55 11 
61 15 22 22 42 
54 45 33 21 43 
14 13 52 44 12 
35 12 42 53 42 
41 14 31 51 31 
52 21 11 25 42 
33 13 21 32 12 
34 43 14 23 31 
32 32 55 52 44 
21 54 23 24 31 
44 51 25 32 52 
25 43 34 51 23 
22 24 43 42 44 
21 21 33 21 42 
42 15 33 24 12 
52 42 41 13 22 
34 23 25 51 35 
45 54 13 32 45 
43 33 55 33 22 
33 35 35 51 31 
23 15 12 54 24 
54 41 32 34 11 
51 13 61 25 14 
53 11 21 12 52 
42 33 23 14 24 
23 24 55 45 54 
52 23 55 13 23 
12 11 11 43 15 
31 45 22 14 31 
43 45 24 34 35 
31 31 14 12 25 
43 45 24 12 24 
22 11 14 41 22 
51 54 43 51 41 
23 51 53 42 55 
45 13 22 54 34 
31 44 53 21 34 
51 35 51 24 23 
42 11 23 12 21 
42 14 14 21 34 
53 44 23 43 33 
34 53 22 31 51 
31 31 44 31 35 
51 45 25 52 22 
53 14 41 24 43 
22 42 24 51 54 
12 44 35 45 44 
34 55 22 12 13 
32 51 21 12 55 
35 24 54 53 43 
24 55 23 55 41 
22 23 45 54 32 
51 52 14 24 23 
14 14 24 52 33 
24 34 25 23 22 
43 45 34 54 21 
13 12 41 33 45 
54 11 35 23 25 
53 15 43 44 41 
51 23 33 61 14 
41 13 53 15 25 
55 11 12 34 61 
12 55 43 13 35 
45 12 51 53 23 
45 22 45 11 33 
35 25 52 14 15 
31 43 33 24 35 
32 51 53 21 11 
14 33 52 61 22 
21 34 11 55 11 
44 25 25 22 53 
33 55 13 21 31 
13 15 55 54 21 
25 13 34 15 12 
