44 32 11 55 13 
45 11 14 41 12 
53 22 32 41 11 
54 23 31 53 61 
23 32 11 32 42 
23 21 34 51 34 
42 41 33 34 21 
23 22 41 15 12 
22 52 22 51 45 
53 25 13 11 24 
61 25 25 22 13 
34 51 35 42 35 
53 32 42 45 33 
11 54 14 44 34 
14 44 42 44 24 
23 15 12 34 15 
33 51 52 53 24 
24 32 23 42 24 
61 12 23 51 32 
25 43 11 24 43 
31 55 31 12 31 
42 24 13 24 53 
61 25 61 43 22 
14 22 44 21 22 
41 31 55 25 14 
53 45 11 35 34 
14 23 51 33 41 
53 14 33 11 12 
24 34 52 33 15 
25 44 35 22 44 
23 52 61 24 15 
61 12 25 41 23 
52 35 45 23 32 
32 53 24 53 11 
44 23 35 61 24 
31 41 24 11 41 
32 54 21 53 52 
23 52 44 31 34 
22 43 32 55 22 
24 54 54 51 55 
42 42 11 45 44 
22 22 53 45 22 
54 11 54 52 53 
34 13 61 35 35 
41 11 34 31 21 
45 41 54 34 12 
14 15 53 35 42 
12 25 22 32 43 
31 61 21 42 33 
24 24 61 22 34 
11 52 54 34 51 
33 25 22 31 31 
22 35 22 45 51 
13 51 53 15 61 
54 54 45 22 23 
42 31 31 15 25 
14 45 41 51 44 
24 54 31 43 15 
42 53 21 32 52 
11 21 13 33 24 
41 11 43 13 24 
25 13 45 33 12 
53 53 25 51 53 
13 44 22 13 14 
23 13 23 21 21 
55 25 43 35 55 
35 61 52 24 23 
23 53 61 35 12 
11 33 23 33 35 
54 35 41 14 42 
45 12 41 42 42 
41 54 35 45 35 
14 52 55 52 54 
25 61 14 12 53 
12 22 12 53 51 
12 45 23 53 53 
32 31 32 34 42 
25 52 54 41 22 
12 41 52 13 55 
32 32 53 32 53 
43 44 51 55 53 
11 25 25 21 22 
25 23 33 34 61 
22 11 22 42 31 
14 51 24 33 12 
51 61 35 33 24 
53 34 44 34 43 
45 55 54 35 61 
34 14 52 15 13 
15 33 22 51 35 
32 15 43 41 61 
51 14 33 42 52 
53 35 12 15 45 
41 11 44 24 21 
34 42 51 52 33 
25 14 52 25 35 
41 42 25 33 15 
11 43 35 23 21 
44 22 22 51 25 
24 14 41 52 24 
