55 21 34 52 34 
11 55 33 45 14 
32 15 51 35 61 
35 45 43 24 44 
24 23 14 25 15 
25 21 22 53 13 
42 55 33 21 21 
41 15 45 35 33 
23 21 55 54 14 
12 15 23 44 13 
51 55 61 24 52 
22 45 41 53 15 
52 23 23 53 61 
53 32 22 15 42 
44 15 24 13 35 
12 43 13 41 54 
42 21 22 13 15 
24 32 42 35 35 
55 23 54 53 23 
24 34 24 14 25 
53 23 35 22 13 
35 25 24 33 12 
55 23 31 21 24 
34 11 44 55 35 
42 35 21 25 41 
31 14 51 11 54 
22 53 15 13 13 
12 34 61 41 24 
32 15 53 55 41 
14 52 42 35 35 
61 34 34 51 45 
45 11 13 44 45 
53 44 35 53 35 
15 21 14 43 42 
13 42 14 41 41 
14 54 25 21 31 
52 61 55 61 52 
53 61 54 31 22 
42 45 52 11 12 
44 22 23 22 21 
31 24 42 55 31 
31 22 22 53 22 
25 31 55 61 55 
35 32 42 25 15 
24 12 45 33 34 
25 33 44 12 44 
11 25 21 41 21 
55 21 45 51 11 
55 35 12 21 45 
23 12 24 52 43 
25 55 24 15 51 
45 53 32 41 42 
23 53 42 52 21 
11 25 41 34 53 
35 53 42 11 13 
45 25 24 21 44 
43 44 41 43 24 
43 55 52 52 53 
31 43 22 21 61 
43 13 23 42 14 
45 54 33 61 21 
33 25 22 23 23 
15 14 14 55 42 
22 42 55 51 42 
31 13 35 14 31 
61 41 42 13 41 
35 54 43 21 34 
54 55 22 45 25 
55 53 11 21 44 
45 33 34 13 22 
51 42 53 13 44 
25 22 54 11 52 
53 22 42 43 13 
42 24 55 14 23 
41 14 61 15 44 
52 12 35 44 11 
35 25 45 32 51 
11 43 43 22 34 
21 15 24 55 25 
45 13 42 42 31 
45 13 51 15 52 
43 33 43 25 51 
15 45 13 32 41 
31 13 31 31 35 
35 22 14 43 15 
45 32 44 41 14 
25 34 55 14 41 
24 61 45 33 32 
43 11 15 61 53 
11 41 35 34 25 
45 13 35 42 35 
34 31 45 22 24 
44 52 61 45 15 
53 42 25 12 54 
34 55 12 42 11 
14 55 31 21 41 
31 42 55 51 41 
31 43 33 15 52 
52 55 24 22 31 
22 15 21 41 52 
