61 43 22 45 13 
21 61 25 53 22 
21 45 45 32 52 
12 24 14 13 53 
22 11 42 32 42 
21 35 45 61 61 
45 52 24 45 11 
31 33 51 21 54 
22 23 44 42 54 
45 33 45 24 14 
61 12 42 34 44 
12 31 25 32 34 
21 15 44 31 24 
42 14 42 15 42 
13 25 34 43 55 
32 11 14 43 33 
14 61 31 14 35 
52 41 31 42 53 
23 43 43 35 12 
61 23 21 23 34 
32 32 55 12 14 
42 15 14 23 22 
23 52 43 45 55 
12 51 11 25 12 
14 33 61 54 31 
23 24 11 15 13 
34 54 33 55 45 
55 55 41 53 21 
32 32 54 53 32 
32 42 43 12 22 
32 14 25 11 15 
15 53 53 12 31 
61 25 24 45 23 
42 61 12 34 53 
13 34 11 31 24 
21 33 32 24 33 
32 34 61 42 52 
21 34 15 32 45 
15 23 42 61 15 
55 52 43 51 24 
21 42 22 42 25 
54 14 13 45 14 
25 33 34 42 12 
22 51 53 25 51 
21 61 34 14 52 
31 34 25 23 14 
22 12 32 52 51 
44 34 11 43 55 
32 55 32 31 35 
33 32 45 51 55 
21 43 23 22 31 
14 11 53 14 45 
13 41 13 42 51 
34 61 21 33 32 
31 44 53 45 54 
23 33 54 61 35 
24 21 21 13 24 
44 42 55 12 45 
23 11 61 23 41 
31 51 31 44 33 
34 32 61 55 44 
14 21 35 52 43 
34 45 25 33 24 
31 13 43 12 45 
35 55 61 11 34 
35 33 25 33 53 
44 45 11 25 12 
41 51 11 35 21 
32 52 13 12 11 
42 12 53 61 51 
22 22 23 13 13 
12 15 53 13 55 
23 24 42 51 53 
35 31 24 13 35 
41 61 51 13 52 
55 25 13 35 55 
55 43 53 13 11 
54 55 32 32 14 
24 53 31 22 43 
42 44 55 32 14 
23 22 44 35 11 
54 35 42 45 55 
55 51 14 22 45 
22 22 33 52 12 
45 34 11 54 21 
42 41 21 12 42 
51 22 51 51 24 
34 21 53 52 12 
52 24 54 15 53 
51 25 42 33 53 
52 23 44 13 53 
15 44 52 41 51 
32 44 34 32 45 
34 35 43 53 21 
15 23 53 23 31 
61 54 34 12 23 
34 45 25 54 32 
23 34 43 21 23 
54 61 32 43 54 
14 25 51 43 44 
