51 12 25 42 45 
42 33 11 14 45 
12 33 54 35 12 
41 14 45 31 33 
41 11 21 35 43 
34 33 53 13 33 
45 13 61 22 55 
35 31 44 42 14 
41 41 41 11 61 
61 22 11 35 44 
15 45 31 15 32 
44 45 52 23 61 
54 44 43 31 13 
13 22 43 35 52 
52 31 45 61 52 
21 24 52 51 25 
13 42 31 44 11 
42 21 11 32 61 
35 12 33 42 14 
24 25 23 24 45 
51 45 53 14 21 
22 13 13 54 54 
33 53 55 24 61 
12 35 41 13 43 
45 35 52 61 43 
55 11 35 51 14 
52 43 35 35 21 
34 21 61 22 42 
41 51 55 31 53 
44 12 22 15 21 
42 34 35 43 34 
24 21 25 14 43 
41 34 32 32 23 
34 31 51 55 35 
31 15 45 24 54 
41 15 54 21 35 
32 42 34 13 45 
23 31 12 23 45 
44 51 13 14 54 
13 44 43 55 53 
14 12 31 55 42 
52 11 53 33 15 
24 35 41 51 61 
51 45 23 52 35 
54 53 14 53 12 
23 32 43 24 25 
31 32 45 12 52 
31 52 22 23 35 
33 35 13 41 52 
52 53 41 22 32 
42 51 42 42 51 
14 34 32 55 55 
42 15 23 54 23 
14 34 25 31 53 
25 43 53 25 54 
32 31 55 11 43 
33 44 52 45 42 
24 33 43 24 34 
15 23 31 22 45 
55 33 61 44 22 
24 54 24 21 32 
41 52 21 12 34 
12 25 23 53 33 
12 12 22 42 14 
41 53 44 32 45 
53 11 35 25 34 
31 12 11 22 25 
22 55 15 52 51 
45 35 25 44 35 
35 45 22 41 34 
12 11 55 35 13 
15 45 34 15 32 
41 23 31 52 34 
21 24 43 55 35 
25 53 53 11 24 
21 32 61 35 14 
43 32 22 23 33 
45 53 22 41 35 
13 25 54 52 44 
31 55 11 44 25 
43 13 51 33 32 
24 15 34 13 55 
35 42 51 21 54 
31 41 44 53 22 
32 43 25 13 15 
15 31 45 24 32 
23 11 34 35 45 
51 55 41 15 52 
11 25 51 11 32 
51 35 43 21 34 
45 41 45 24 31 
34 52 23 54 53 
32 33 33 53 25 
13 21 42 42 53 
14 52 22 25 54 
31 52 43 31 42 
54 24 32 44 25 
12 45 51 44 41 
42 42 45 11 55 
42 14 35 23 25 
