42 53 33 13 34 
33 52 55 55 45 
43 35 34 12 41 
11 21 51 43 54 
24 53 12 25 34 
31 51 35 15 52 
52 35 14 22 34 
15 51 21 15 42 
14 61 51 44 44 
55 34 22 15 31 
32 41 53 43 41 
53 25 32 42 34 
61 42 51 42 24 
32 25 31 32 54 
53 12 41 33 51 
12 12 53 52 43 
52 54 21 12 35 
41 35 53 53 14 
41 11 22 53 35 
31 11 12 25 33 
33 31 53 54 11 
55 25 34 54 34 
31 15 11 61 43 
55 44 31 32 43 
23 35 15 11 44 
25 34 53 61 15 
11 12 23 42 22 
31 32 42 41 34 
43 35 35 24 24 
52 54 44 25 42 
33 22 51 15 23 
13 53 14 52 22 
43 32 33 42 12 
51 32 15 41 22 
35 44 34 14 21 
54 13 52 41 35 
61 53 14 55 32 
35 52 55 42 42 
31 54 12 24 25 
25 24 55 21 35 
32 31 31 24 44 
32 14 55 23 35 
21 52 35 12 13 
51 31 35 11 32 
55 52 23 44 13 
22 24 13 25 14 
13 52 53 21 22 
14 54 32 15 61 
25 14 22 14 45 
53 34 42 54 42 
24 22 54 45 31 
24 52 52 15 23 
12 43 35 52 34 
33 55 33 24 52 
25 22 21 23 15 
42 55 54 34 45 
13 35 32 52 54 
41 55 35 44 12 
35 35 23 25 13 
42 51 42 55 15 
32 42 31 33 22 
31 13 35 35 12 
54 24 53 15 12 
11 52 35 15 35 
51 35 15 33 24 
61 24 15 35 43 
43 45 35 23 21 
43 12 14 55 33 
41 55 12 22 25 
22 45 13 52 24 
55 54 45 53 33 
32 52 12 41 35 
51 41 23 41 11 
54 52 15 14 42 
41 33 44 54 44 
24 41 43 24 22 
53 31 31 15 44 
42 55 43 51 24 
61 51 15 53 32 
23 34 41 21 33 
42 24 41 35 45 
15 44 51 41 44 
15 33 14 41 42 
15 51 34 34 34 
14 11 22 25 33 
52 12 33 41 33 
55 43 22 41 53 
13 44 51 55 54 
42 13 13 54 35 
55 22 41 45 51 
42 54 33 35 11 
41 14 41 54 11 
22 15 43 43 42 
52 11 55 45 13 
32 43 14 41 41 
61 35 34 42 61 
61 42 44 11 53 
54 33 22 35 13 
15 32 42 13 41 
22 33 41 34 32 
