54 54 13 61 32 
32 52 31 61 35 
33 42 52 41 31 
13 43 61 22 23 
54 55 25 55 61 
22 54 21 53 44 
24 24 34 21 52 
15 25 24 22 12 
15 11 12 11 22 
41 41 34 22 53 
11 54 34 11 14 
22 45 31 45 31 
44 54 32 41 51 
32 55 25 54 61 
55 32 31 24 13 
25 35 13 42 35 
12 43 52 24 33 
31 45 22 21 23 
51 11 13 53 34 
44 43 32 42 54 
11 34 51 24 21 
34 13 25 33 13 
42 15 42 53 21 
13 52 42 23 33 
24 54 61 14 45 
54 52 12 11 23 
21 25 55 15 52 
41 35 35 23 21 
24 14 55 44 55 
15 25 22 55 44 
14 61 13 54 32 
11 33 61 42 25 
14 11 23 34 14 
52 25 24 44 13 
54 31 42 61 11 
14 42 25 21 42 
14 13 61 41 54 
34 11 55 23 32 
42 14 21 61 53 
33 14 44 13 12 
45 54 11 44 34 
42 33 41 51 23 
12 32 61 55 14 
21 43 52 51 55 
11 41 55 35 34 
43 55 31 45 15 
22 55 22 44 13 
11 53 41 15 24 
31 51 35 24 13 
34 13 54 42 52 
61 12 61 32 13 
51 32 61 22 52 
14 25 34 32 22 
32 31 52 51 53 
12 61 54 22 24 
45 54 25 35 14 
55 13 52 61 23 
55 31 33 22 14 
51 54 45 12 45 
25 51 44 33 21 
23 41 44 34 53 
53 51 43 12 11 
55 44 33 43 11 
32 51 13 61 34 
51 24 51 13 14 
33 23 45 11 45 
52 21 14 43 24 
53 22 51 13 12 
11 42 24 32 44 
42 53 33 42 23 
53 44 51 33 24 
51 24 31 11 32 
23 22 31 34 32 
32 54 21 35 42 
33 43 13 11 41 
54 51 22 15 33 
31 35 43 51 13 
54 22 43 33 22 
53 35 24 32 54 
51 31 33 15 32 
61 52 33 51 21 
35 24 61 44 25 
42 25 52 34 24 
61 54 13 61 41 
12 42 42 33 32 
45 54 35 53 33 
25 45 44 53 61 
14 52 13 15 33 
22 54 23 45 15 
61 25 35 43 33 
42 25 11 45 25 
55 54 45 25 55 
51 25 22 32 22 
22 61 53 13 35 
22 32 33 12 55 
13 23 42 24 23 
12 32 41 41 54 
45 54 41 33 52 
52 22 13 31 52 
55 25 42 61 51 
