61 44 43 34 15 
45 35 41 54 32 
42 52 14 24 32 
33 44 23 45 25 
12 35 32 41 24 
23 55 23 52 13 
33 53 21 13 24 
51 31 12 53 61 
24 22 45 33 54 
14 51 33 23 31 
21 52 55 22 55 
23 35 14 21 54 
21 52 31 13 11 
44 55 54 35 14 
35 42 33 24 54 
34 41 42 54 33 
61 52 44 45 21 
41 52 11 31 25 
25 11 53 42 54 
42 22 43 31 15 
31 61 33 61 45 
24 41 42 33 13 
15 51 15 45 12 
52 33 44 61 31 
31 34 61 54 42 
13 52 54 22 45 
22 34 22 13 23 
61 23 14 44 52 
11 44 22 15 32 
11 44 43 51 15 
33 25 52 25 51 
55 14 55 41 45 
52 14 54 33 41 
34 61 21 32 35 
45 15 32 34 11 
15 34 22 13 14 
31 55 11 45 15 
22 61 35 24 52 
23 13 51 11 61 
22 15 11 25 54 
55 25 53 25 43 
43 22 12 13 31 
52 51 34 24 42 
22 41 22 25 25 
52 14 25 33 25 
31 12 21 54 24 
51 12 55 34 11 
53 12 21 25 42 
11 35 15 51 32 
51 61 41 31 55 
41 13 34 45 44 
31 45 15 22 11 
25 35 52 41 11 
32 24 51 13 25 
23 53 53 53 14 
53 32 23 31 41 
55 11 23 24 42 
61 53 23 61 43 
43 33 33 54 43 
31 54 14 33 43 
42 12 43 23 42 
15 31 54 23 41 
45 32 12 44 11 
12 11 14 22 15 
21 25 12 55 11 
13 25 61 53 31 
52 54 23 12 41 
53 41 61 44 35 
32 54 51 42 14 
25 13 21 33 35 
33 52 34 34 42 
52 53 21 51 42 
51 61 25 23 13 
45 15 12 61 41 
45 25 31 54 52 
53 53 54 41 55 
35 44 21 31 42 
34 35 42 15 13 
12 34 11 54 25 
31 44 14 45 51 
55 33 13 21 24 
22 33 14 44 22 
52 32 54 34 35 
42 25 41 15 25 
31 45 55 43 22 
23 51 61 35 51 
15 52 35 34 35 
12 15 11 41 45 
32 35 13 61 45 
15 15 32 54 45 
35 13 15 42 15 
12 42 21 61 61 
33 32 35 12 32 
41 15 11 54 34 
42 51 42 45 21 
22 15 44 61 25 
23 61 33 23 33 
45 52 52 24 51 
13 13 51 32 44 
43 42 33 34 55 
