25 11 34 45 34 
24 33 42 34 35 
23 44 43 22 13 
22 53 32 52 42 
54 44 33 41 43 
31 34 22 14 11 
41 24 21 42 21 
51 34 32 25 14 
12 31 61 55 45 
32 32 25 31 22 
55 53 51 12 21 
54 11 34 15 24 
34 34 33 12 35 
21 24 14 41 42 
32 54 54 61 45 
23 42 43 12 33 
34 35 32 21 53 
22 44 41 42 12 
23 33 61 55 13 
32 15 54 25 35 
43 31 51 15 14 
22 12 55 23 33 
33 12 33 13 11 
21 15 33 15 25 
34 25 54 45 32 
45 15 51 44 23 
55 44 41 43 25 
55 44 44 35 32 
33 31 41 61 13 
44 54 44 54 32 
22 14 12 43 61 
23 54 51 23 35 
34 61 32 32 14 
24 13 45 15 15 
14 51 25 61 61 
41 61 35 53 52 
54 32 53 45 22 
53 41 13 52 14 
54 21 34 23 13 
11 35 53 13 11 
22 21 35 55 23 
45 55 15 54 13 
12 54 55 45 43 
14 34 42 61 14 
24 32 32 32 33 
54 53 51 11 61 
11 12 22 13 52 
41 22 25 45 13 
21 11 23 22 33 
44 45 35 43 15 
54 11 53 51 35 
55 55 12 55 44 
51 13 43 54 61 
13 54 35 15 12 
15 54 12 25 23 
51 44 61 51 45 
32 35 12 54 43 
11 44 41 35 61 
23 21 32 35 52 
21 42 32 24 11 
24 13 54 23 13 
43 15 13 43 55 
41 41 41 55 53 
15 15 42 24 34 
35 21 25 22 32 
31 42 45 43 22 
12 21 61 31 31 
35 33 13 13 14 
25 22 31 32 41 
23 13 61 41 34 
34 15 13 51 61 
52 33 35 12 15 
21 23 44 32 34 
51 15 43 35 45 
41 24 43 22 31 
51 12 22 52 22 
23 33 14 51 25 
25 11 25 55 51 
53 22 45 12 15 
61 23 53 21 42 
61 13 31 22 24 
13 52 35 42 43 
15 24 55 23 14 
23 31 23 33 44 
21 21 51 33 54 
43 31 52 61 43 
24 23 32 53 31 
14 23 54 31 12 
33 33 12 61 45 
31 34 24 32 33 
22 61 31 33 53 
35 54 11 31 54 
33 35 12 45 13 
11 34 52 32 14 
44 14 21 32 42 
43 35 23 22 15 
32 12 25 31 35 
21 43 55 31 22 
54 35 24 41 22 
42 34 53 32 61 
