53 43 21 54 41 
33 15 43 61 12 
33 52 44 14 41 
24 51 43 52 54 
51 44 32 15 61 
35 22 15 61 41 
61 35 33 31 15 
45 13 35 43 11 
52 45 32 54 52 
13 14 22 32 61 
33 53 11 43 22 
61 53 44 43 35 
14 13 11 13 33 
25 25 11 13 34 
53 12 15 52 31 
43 23 42 52 22 
61 25 35 32 61 
42 23 35 53 54 
34 12 22 25 12 
43 43 15 51 13 
32 24 52 31 61 
43 23 33 11 24 
11 45 53 14 13 
53 34 34 13 13 
11 21 22 55 43 
45 54 34 22 15 
42 45 25 22 33 
41 34 35 33 15 
24 13 31 35 22 
24 24 44 55 44 
24 61 41 45 12 
24 31 51 32 44 
24 51 13 34 54 
32 61 35 32 61 
21 22 15 33 31 
51 44 22 11 43 
35 55 11 35 23 
45 23 12 43 35 
14 11 31 32 31 
24 11 22 55 21 
55 34 41 11 34 
32 23 23 25 24 
11 32 24 53 42 
11 12 11 32 23 
61 11 24 55 14 
51 14 53 23 52 
32 52 43 22 31 
13 25 13 43 22 
31 53 12 24 32 
31 23 23 54 45 
42 44 31 52 43 
23 44 24 41 61 
44 51 33 42 34 
23 11 53 15 34 
35 33 52 25 31 
33 41 42 13 32 
31 12 15 23 15 
32 22 22 43 61 
32 14 14 24 61 
55 21 23 42 61 
43 52 52 53 32 
15 13 45 51 52 
14 51 15 45 54 
14 33 12 35 22 
42 14 13 24 15 
44 33 51 13 34 
22 24 12 14 12 
52 35 55 23 12 
23 23 44 34 32 
35 51 61 21 22 
25 25 52 35 15 
31 31 54 12 33 
42 11 52 32 51 
61 34 53 55 34 
33 15 13 41 53 
54 45 41 41 43 
51 12 23 21 52 
24 24 11 41 41 
52 54 13 22 53 
51 61 41 44 21 
13 44 51 21 23 
43 33 35 31 55 
11 22 41 31 24 
52 55 44 34 13 
55 14 45 52 15 
41 24 43 24 35 
24 25 44 14 25 
12 14 11 41 13 
23 44 31 23 54 
21 25 25 55 34 
41 53 54 15 55 
13 15 33 33 21 
53 23 33 31 32 
25 25 31 45 34 
13 21 33 32 34 
11 21 34 35 52 
14 33 22 11 35 
12 13 51 61 11 
23 21 13 15 25 
43 13 55 51 44 
