12 34 34 32 41 
33 24 11 21 45 
33 35 33 22 41 
42 61 21 44 52 
35 45 22 42 52 
34 54 51 22 34 
44 33 42 32 23 
44 53 33 31 24 
52 13 34 43 21 
34 61 52 35 54 
52 44 15 32 33 
14 41 31 34 32 
12 21 21 51 11 
25 44 12 52 52 
43 45 14 31 35 
12 53 14 43 25 
11 51 52 35 61 
42 34 15 24 15 
13 44 53 21 31 
24 15 11 14 42 
45 22 31 35 24 
43 11 22 53 54 
51 13 33 55 23 
22 14 51 52 32 
43 21 15 51 11 
41 25 15 53 45 
53 31 53 35 54 
33 11 55 22 24 
41 43 14 12 33 
43 61 11 33 44 
43 15 34 55 55 
52 61 45 52 32 
31 51 25 35 45 
42 23 14 12 13 
32 44 52 13 53 
25 25 11 53 24 
61 31 53 13 33 
51 12 61 12 52 
24 13 61 12 21 
41 52 21 12 34 
51 43 24 15 51 
43 53 52 41 52 
24 31 11 11 12 
43 25 25 24 44 
23 15 11 22 35 
15 61 24 42 11 
61 11 53 52 35 
32 21 21 32 14 
25 35 11 34 12 
35 23 15 22 13 
22 15 61 21 22 
52 51 21 51 15 
11 22 24 44 22 
23 22 33 53 23 
21 14 13 22 44 
44 55 11 61 61 
45 51 23 33 61 
23 12 34 51 34 
21 24 25 12 42 
44 34 15 31 12 
61 25 24 41 11 
34 43 34 13 23 
21 22 52 41 14 
14 34 41 23 44 
52 45 12 21 52 
34 35 23 15 41 
61 61 43 14 11 
51 24 42 32 22 
41 35 42 15 32 
61 43 25 42 41 
24 52 15 22 52 
35 35 12 15 52 
35 61 42 54 53 
44 42 42 34 33 
33 34 13 55 31 
52 15 25 34 55 
11 22 25 33 52 
31 21 12 34 23 
22 53 15 43 43 
52 55 33 31 24 
21 45 11 54 35 
45 54 35 24 12 
12 35 12 44 35 
61 34 35 13 21 
21 15 54 24 22 
34 24 52 61 45 
54 52 11 42 22 
54 21 12 23 15 
42 25 41 12 12 
51 32 14 52 54 
23 42 52 52 11 
33 53 25 61 24 
61 21 34 54 15 
32 21 31 45 44 
32 42 55 23 33 
12 54 14 45 35 
21 22 12 54 23 
13 41 41 14 43 
32 31 11 35 15 
61 54 34 31 32 
