24 22 54 25 31 
51 24 14 22 31 
14 43 34 51 14 
34 11 21 44 25 
52 15 11 53 55 
53 41 11 15 34 
51 22 43 21 23 
34 21 22 34 45 
11 52 54 13 13 
15 52 44 25 13 
42 31 21 23 25 
54 54 61 52 21 
23 23 44 55 42 
45 15 51 41 41 
35 53 43 45 41 
12 34 15 42 41 
14 45 22 14 52 
32 41 44 42 22 
11 34 61 14 23 
45 22 13 54 14 
22 14 53 41 24 
33 44 35 43 15 
11 43 61 33 32 
25 15 54 52 41 
51 31 35 51 53 
31 43 11 44 11 
15 33 44 22 45 
13 25 52 33 45 
24 35 51 34 44 
33 43 44 14 22 
42 31 51 33 32 
12 54 13 11 14 
54 53 14 55 23 
33 25 51 45 45 
13 35 34 32 23 
14 54 43 22 33 
23 44 25 35 24 
24 45 24 43 22 
21 22 25 55 23 
42 55 15 53 55 
22 32 21 42 55 
32 15 54 22 42 
14 33 34 61 44 
23 22 12 24 52 
51 32 15 55 61 
44 45 14 41 51 
32 52 13 51 11 
44 45 23 32 51 
41 13 43 61 42 
21 25 42 61 31 
15 21 51 35 11 
51 22 42 44 52 
42 53 22 15 51 
42 51 13 11 55 
35 52 41 53 52 
41 12 31 55 44 
51 45 34 32 41 
43 12 25 61 33 
43 54 54 43 34 
35 23 51 25 44 
13 22 43 22 41 
12 11 32 12 15 
45 13 55 45 25 
22 35 12 23 23 
14 25 45 54 35 
52 53 54 31 52 
32 31 44 24 43 
25 41 33 24 41 
45 35 25 33 35 
35 51 54 61 44 
44 12 54 23 52 
25 41 44 24 43 
33 44 13 35 24 
52 34 23 33 34 
24 22 42 52 34 
25 43 52 55 13 
33 23 42 35 42 
21 13 35 44 12 
41 42 43 51 55 
55 51 35 41 35 
24 35 14 31 41 
13 34 53 55 51 
24 35 35 15 24 
43 22 12 14 32 
35 12 21 44 33 
25 41 51 23 25 
22 44 61 31 54 
34 54 11 45 61 
53 12 55 43 53 
45 24 45 23 45 
33 53 35 53 13 
45 12 55 54 51 
55 13 35 14 52 
22 43 32 42 52 
25 61 21 32 24 
45 12 23 34 15 
31 61 45 43 12 
24 33 54 15 25 
34 33 33 21 54 
15 12 31 42 52 
