61 43 31 34 53 
11 33 12 54 41 
43 42 45 55 43 
32 35 34 25 13 
51 52 51 24 11 
53 35 43 24 51 
55 51 45 45 52 
14 34 42 13 24 
42 22 41 22 55 
31 54 61 25 51 
24 13 43 33 45 
31 31 34 52 54 
52 45 35 31 13 
53 12 54 44 35 
51 41 11 55 53 
22 14 13 25 52 
12 35 14 32 41 
42 24 54 33 42 
33 52 53 42 33 
14 54 41 43 53 
23 13 24 13 42 
24 32 51 41 12 
43 51 25 23 33 
33 22 31 11 52 
44 45 31 21 54 
12 33 34 51 22 
42 55 43 44 51 
23 25 32 51 55 
41 45 42 61 54 
32 12 44 44 11 
55 22 42 33 61 
31 23 45 13 34 
33 31 54 43 34 
23 45 24 51 23 
45 41 52 14 25 
61 33 55 21 52 
32 15 33 31 34 
34 15 15 33 31 
34 15 14 61 25 
13 61 44 45 14 
12 51 31 41 32 
32 55 54 42 53 
35 22 12 53 14 
15 43 22 21 31 
22 44 55 25 41 
33 41 34 41 44 
31 21 43 35 12 
45 42 55 12 34 
42 13 55 22 32 
24 41 34 61 25 
45 22 61 42 35 
21 55 41 43 54 
11 13 35 61 52 
14 12 42 21 22 
44 53 13 25 14 
23 14 11 14 45 
42 44 44 23 14 
43 31 25 24 52 
45 43 43 54 13 
43 42 41 44 13 
21 22 14 43 41 
31 51 52 55 25 
31 33 22 44 34 
12 11 24 42 52 
44 34 53 54 24 
54 31 14 44 55 
45 51 31 13 43 
13 53 21 14 24 
45 41 42 51 51 
34 24 55 52 53 
22 35 41 53 23 
35 53 22 31 23 
21 61 12 44 52 
33 13 24 25 31 
33 34 21 23 52 
54 55 41 55 11 
13 15 33 34 33 
35 12 31 53 15 
41 53 41 61 34 
21 33 51 41 11 
12 45 15 41 23 
54 42 55 53 31 
61 34 34 53 32 
32 53 35 35 54 
21 53 14 34 44 
61 32 25 33 52 
24 34 21 43 23 
23 11 42 53 23 
15 45 25 15 21 
41 33 42 42 12 
12 25 41 13 14 
45 15 11 33 33 
14 25 32 33 15 
31 21 42 42 33 
44 51 35 61 34 
43 25 42 35 35 
43 31 33 32 24 
51 21 35 34 22 
53 54 23 51 33 
42 23 33 31 44 
