51 44 14 33 61 
41 34 41 14 41 
13 55 32 52 15 
31 52 55 31 61 
44 42 51 33 42 
25 43 11 41 34 
25 21 22 21 32 
32 55 31 54 31 
13 34 54 55 42 
51 15 12 45 53 
11 44 54 13 14 
35 43 13 35 43 
25 54 52 13 41 
34 12 33 41 23 
33 41 45 45 44 
45 14 41 31 14 
21 53 35 11 11 
24 34 33 42 44 
45 21 52 44 31 
22 55 22 15 23 
45 15 51 24 45 
24 32 34 15 22 
24 44 41 13 14 
25 15 61 14 25 
22 54 52 32 32 
33 21 44 51 43 
31 44 24 54 25 
51 33 22 12 51 
35 12 34 45 55 
45 43 12 45 44 
21 32 13 23 53 
51 52 22 21 24 
44 32 34 22 33 
21 34 12 42 54 
43 61 31 15 22 
21 51 12 51 45 
21 33 13 13 54 
54 43 14 21 12 
35 44 44 25 53 
14 43 22 34 35 
21 34 23 51 22 
44 53 53 45 11 
41 32 14 53 42 
41 11 33 34 32 
13 41 45 24 15 
13 51 45 61 31 
21 12 44 61 53 
14 35 32 34 23 
44 33 42 23 11 
23 51 11 15 52 
54 55 55 12 41 
35 15 53 61 45 
54 43 25 44 44 
51 42 41 55 11 
54 55 43 24 32 
31 31 33 25 42 
34 25 33 54 32 
45 21 22 55 33 
41 34 33 32 52 
22 24 24 13 42 
25 33 24 43 32 
54 13 34 31 14 
54 61 25 25 61 
12 32 41 45 34 
34 11 35 22 23 
41 53 24 35 45 
52 22 15 12 34 
32 33 24 54 33 
53 42 13 53 31 
11 51 43 21 55 
14 31 54 43 44 
11 52 15 42 15 
34 51 15 15 41 
34 45 15 53 21 
13 13 33 25 14 
23 35 42 12 24 
53 34 12 15 54 
13 33 22 25 25 
43 22 13 15 32 
23 22 44 35 42 
44 41 41 53 42 
14 11 11 25 51 
25 42 11 21 13 
33 15 45 43 61 
25 22 44 33 53 
44 33 24 43 22 
45 23 55 31 61 
13 41 43 25 53 
61 45 51 14 43 
41 14 61 24 53 
23 34 33 33 21 
31 14 21 12 14 
32 43 55 14 24 
12 51 32 25 34 
22 15 15 61 22 
13 13 35 12 61 
42 24 34 32 23 
14 45 14 61 42 
21 41 34 11 44 
13 44 25 11 22 
