61 11 32 44 41 
24 53 32 25 53 
15 14 14 25 53 
23 14 61 13 34 
22 35 11 35 42 
55 33 54 22 31 
35 53 21 51 32 
31 41 55 55 12 
44 44 45 55 12 
11 25 14 34 32 
52 43 55 22 55 
35 55 13 45 53 
41 13 14 54 43 
34 55 44 61 41 
21 44 34 54 51 
24 23 41 44 45 
24 54 32 35 44 
54 24 25 12 15 
43 45 45 35 35 
41 35 43 33 22 
45 21 34 54 44 
45 52 41 15 22 
44 54 31 23 12 
44 51 23 42 43 
15 11 34 52 54 
15 31 15 51 34 
33 61 35 14 35 
41 32 32 11 22 
43 12 41 43 44 
52 22 33 22 35 
22 54 21 45 55 
31 44 43 22 35 
52 45 53 34 54 
42 15 21 15 43 
22 51 51 11 61 
22 51 61 51 31 
61 12 34 34 35 
43 61 41 55 12 
55 24 32 35 31 
52 42 24 15 32 
33 22 14 14 43 
51 13 61 53 45 
33 32 42 55 15 
54 32 52 34 24 
55 25 15 21 35 
44 51 23 14 11 
53 33 44 54 51 
13 45 11 31 45 
11 42 15 23 43 
55 53 14 11 52 
42 31 31 44 12 
35 14 23 55 55 
51 41 52 11 25 
34 13 55 44 61 
13 11 52 53 13 
34 15 31 44 35 
45 34 42 43 31 
35 44 51 54 11 
24 23 21 42 51 
12 31 14 13 54 
51 24 11 42 34 
33 52 14 34 41 
44 51 14 14 25 
55 22 25 44 34 
35 33 24 61 13 
23 15 32 31 54 
21 33 42 32 12 
33 52 35 15 34 
42 53 12 13 45 
61 13 44 45 42 
23 45 31 55 31 
54 51 43 52 61 
14 53 52 61 33 
15 53 54 45 34 
31 23 15 25 43 
11 55 14 13 24 
14 25 21 12 24 
22 35 53 45 61 
33 33 54 13 23 
41 55 14 41 33 
42 54 61 12 31 
14 51 53 13 41 
22 13 22 45 23 
23 42 54 21 41 
35 61 33 33 54 
61 23 35 53 15 
31 52 52 51 11 
24 21 42 53 15 
55 41 21 23 11 
35 22 24 34 13 
55 51 15 44 34 
13 61 35 45 44 
12 24 22 33 15 
51 12 14 54 44 
41 14 15 42 41 
21 31 22 11 41 
14 15 11 33 32 
12 13 21 45 21 
33 12 14 15 23 
13 24 52 54 44 
