31 32 24 41 22 
13 41 13 34 24 
24 44 42 33 21 
33 21 31 13 43 
14 32 52 22 33 
13 14 33 54 54 
13 53 44 12 13 
35 35 34 51 54 
24 51 53 23 15 
31 34 21 31 41 
12 25 44 11 32 
43 21 45 13 25 
11 24 54 52 15 
21 21 44 61 25 
43 44 42 24 33 
22 24 55 22 35 
24 44 25 22 53 
21 35 32 44 53 
13 52 61 44 33 
22 23 61 32 15 
13 42 35 22 11 
11 11 11 21 35 
45 22 14 22 35 
24 45 34 55 31 
15 54 35 44 13 
35 35 21 61 13 
55 54 22 22 13 
32 25 12 14 12 
53 11 22 13 42 
22 34 21 34 25 
53 45 25 61 55 
33 61 31 11 11 
44 24 11 31 61 
35 31 24 25 42 
54 44 44 33 13 
12 41 55 44 22 
41 44 44 15 33 
15 54 51 23 44 
41 41 24 42 42 
34 24 15 13 11 
15 15 13 42 25 
13 61 45 51 43 
43 23 55 11 45 
23 25 31 51 43 
12 13 35 43 51 
11 54 51 23 41 
32 15 41 23 42 
52 54 35 43 55 
33 24 14 61 43 
25 23 24 12 11 
31 11 13 34 12 
34 41 51 41 12 
33 53 45 22 44 
23 13 35 54 25 
31 25 55 14 11 
52 42 34 23 42 
13 34 25 32 33 
54 45 33 31 43 
53 13 43 34 55 
51 45 13 35 54 
34 32 23 25 61 
43 42 13 41 31 
15 22 13 23 11 
53 12 24 23 51 
21 34 53 15 45 
35 35 23 32 21 
15 14 55 61 12 
12 32 12 24 25 
52 31 32 43 25 
32 15 35 43 41 
43 54 32 45 41 
24 35 23 33 43 
44 22 14 25 11 
23 32 61 32 31 
43 41 45 11 22 
22 13 25 25 55 
55 11 35 52 42 
22 12 45 51 35 
44 13 14 52 44 
34 52 42 53 41 
61 21 22 13 52 
45 35 15 23 23 
42 23 13 35 55 
24 43 12 43 52 
55 54 54 33 32 
41 43 33 44 42 
15 54 13 23 54 
11 43 51 31 12 
55 22 33 25 42 
12 14 55 51 11 
24 31 43 12 11 
24 15 35 23 11 
41 34 41 23 22 
11 45 44 21 35 
44 35 11 25 12 
54 44 15 42 15 
32 13 54 35 42 
44 54 11 44 55 
11 52 23 22 33 
51 33 45 23 51 
