41 42 45 14 22 
31 22 41 14 41 
51 42 54 45 52 
23 33 31 42 42 
21 22 41 44 54 
41 21 53 25 43 
12 31 55 33 22 
42 13 11 33 34 
21 31 51 55 43 
51 25 33 11 22 
24 31 55 51 11 
61 51 43 51 14 
44 52 53 35 54 
13 31 51 11 25 
54 23 24 15 31 
25 22 23 52 21 
31 52 35 43 11 
12 25 12 32 15 
45 32 44 33 21 
23 22 44 21 31 
55 44 54 55 53 
52 33 44 13 45 
32 33 45 44 33 
34 34 14 33 24 
55 52 24 12 35 
44 24 32 42 12 
31 44 32 14 54 
35 13 61 44 15 
54 34 31 31 24 
31 42 52 31 13 
24 45 22 44 33 
21 11 35 41 24 
15 14 42 15 11 
45 13 14 31 14 
32 12 44 51 55 
52 33 42 61 32 
11 41 41 43 22 
52 32 23 45 15 
12 51 33 33 61 
61 11 61 54 24 
34 51 35 35 43 
45 33 13 14 42 
33 42 54 44 45 
33 31 22 52 14 
12 13 12 35 33 
21 15 61 42 33 
52 53 12 35 25 
45 24 15 13 12 
44 54 13 42 12 
33 15 55 54 32 
42 53 55 12 53 
25 33 61 23 54 
21 44 23 12 15 
23 24 13 11 34 
22 43 55 61 34 
12 51 45 53 53 
21 31 11 61 25 
35 55 22 15 51 
43 22 34 21 11 
32 22 61 61 51 
11 12 24 11 34 
24 55 25 44 14 
13 51 31 43 42 
12 61 13 23 21 
53 32 55 23 32 
52 52 11 53 23 
21 34 61 53 42 
11 61 33 12 41 
55 34 13 61 12 
31 53 33 53 44 
13 51 61 24 13 
52 35 55 23 41 
42 52 23 12 11 
22 52 34 31 52 
15 43 45 15 35 
54 44 25 34 11 
52 22 24 25 31 
23 51 51 23 52 
14 13 33 13 21 
51 33 31 25 43 
15 12 54 25 24 
61 61 23 33 24 
42 24 54 55 21 
23 45 12 42 21 
31 54 34 14 32 
11 12 53 52 11 
43 11 13 54 51 
41 12 15 23 35 
44 24 52 22 41 
54 51 35 43 61 
34 23 31 54 13 
24 41 34 12 24 
21 14 45 14 13 
54 33 12 24 21 
43 45 11 12 24 
32 32 21 33 43 
53 54 44 25 55 
25 61 51 41 43 
25 43 35 41 23 
32 12 41 54 52 
