11 54 14 55 23 
34 43 55 14 11 
12 14 61 12 31 
21 35 55 15 44 
54 22 22 23 42 
34 12 13 15 45 
22 51 11 61 15 
24 54 15 13 51 
41 52 43 35 51 
33 54 34 54 61 
22 32 13 23 24 
13 42 33 14 52 
34 11 25 23 12 
42 43 52 45 44 
25 45 14 55 24 
23 15 23 11 21 
12 44 15 12 21 
53 34 45 33 34 
24 11 13 53 13 
35 44 15 24 15 
21 51 42 54 42 
34 44 33 53 11 
34 53 52 34 11 
32 21 31 14 41 
21 41 22 43 42 
21 13 41 21 11 
53 22 25 23 32 
22 44 13 42 24 
53 42 25 34 13 
61 51 23 14 55 
22 33 22 45 24 
11 11 51 22 45 
33 55 55 25 55 
55 11 15 55 42 
44 52 44 51 33 
11 23 13 45 33 
33 32 43 12 15 
15 54 11 53 31 
55 22 34 45 34 
35 54 34 41 15 
35 35 44 45 24 
25 61 31 12 33 
34 12 41 21 41 
43 41 24 22 25 
42 44 55 42 14 
52 41 55 12 53 
13 33 24 31 15 
52 52 13 15 14 
25 35 22 22 15 
34 44 12 54 45 
43 25 33 51 41 
22 33 23 53 52 
35 14 23 44 34 
22 15 55 42 42 
34 32 51 32 33 
22 32 24 41 55 
45 24 21 41 22 
12 45 53 51 22 
31 11 22 15 13 
14 21 12 34 61 
34 45 45 45 14 
24 14 13 41 12 
21 13 43 54 43 
33 45 14 22 14 
41 15 22 23 14 
45 53 14 44 53 
31 14 52 54 41 
52 21 41 54 54 
53 35 52 54 11 
44 31 52 54 52 
23 55 15 21 34 
32 21 53 14 11 
34 11 13 61 33 
11 42 35 52 22 
53 13 22 33 31 
43 14 42 14 14 
33 35 24 61 54 
55 35 42 32 41 
11 35 25 11 55 
11 15 25 15 41 
35 34 51 11 52 
33 21 52 12 54 
52 22 33 45 42 
51 32 33 31 21 
22 21 54 42 51 
34 32 31 35 35 
43 35 41 21 61 
52 14 55 41 12 
25 51 25 15 44 
31 51 52 11 22 
22 35 32 24 11 
61 61 21 45 34 
32 11 15 24 32 
41 21 45 14 51 
55 54 25 41 52 
21 14 61 23 15 
43 25 44 33 15 
34 21 11 34 44 
53 43 12 55 35 
21 22 15 31 41 
