25 24 22 21 22 
23 44 53 35 13 
33 15 54 33 12 
23 54 61 22 31 
61 55 34 12 24 
25 25 61 44 14 
21 15 22 52 24 
22 14 31 43 21 
33 14 24 35 22 
33 52 52 34 25 
12 32 32 55 51 
14 22 34 43 34 
34 35 43 22 35 
33 34 53 25 53 
51 45 12 32 43 
35 43 61 13 13 
11 23 35 54 13 
32 45 54 55 11 
32 11 24 31 52 
54 32 21 44 55 
43 41 41 32 54 
52 25 32 35 12 
42 35 11 34 13 
53 21 52 61 21 
43 31 55 13 15 
44 31 33 42 52 
23 61 11 31 34 
21 51 23 61 31 
54 53 22 51 51 
55 45 21 13 22 
34 61 24 25 22 
33 23 11 32 23 
53 55 61 43 53 
32 11 31 22 43 
25 43 61 35 21 
32 15 51 41 15 
23 41 53 34 61 
22 15 21 31 43 
52 13 21 53 52 
21 51 44 13 34 
34 51 15 23 34 
23 52 14 33 31 
54 43 35 31 51 
34 23 32 53 53 
32 13 53 12 21 
52 22 14 44 42 
21 42 35 31 33 
32 54 22 51 54 
12 25 14 32 53 
53 51 22 25 41 
32 14 23 35 14 
52 32 34 61 43 
54 12 11 14 41 
53 61 25 41 43 
12 15 11 51 11 
11 12 53 25 21 
45 21 11 11 15 
45 42 41 42 12 
45 13 25 32 34 
35 44 33 41 23 
32 41 21 21 25 
24 12 14 22 14 
35 42 23 22 35 
35 52 12 22 52 
41 15 32 15 54 
33 42 61 33 45 
24 25 35 25 41 
45 15 15 41 25 
43 35 43 51 54 
43 41 43 42 31 
61 54 43 31 24 
45 23 32 23 15 
22 14 23 54 22 
25 43 22 24 34 
61 54 24 23 33 
35 23 23 22 35 
32 42 43 42 31 
34 43 52 13 43 
45 21 23 54 12 
44 23 34 23 61 
45 23 25 15 43 
24 15 43 41 42 
32 21 24 21 61 
41 44 55 34 52 
23 23 42 53 23 
34 33 24 24 54 
21 14 23 61 51 
23 42 41 53 24 
23 54 15 23 42 
12 54 41 42 54 
52 21 13 41 42 
15 45 31 12 34 
15 32 45 42 51 
14 42 32 21 35 
11 14 54 21 15 
51 34 22 53 55 
33 22 54 45 13 
31 23 44 24 11 
35 41 43 24 51 
51 52 51 43 61 
