44 31 42 61 31 
53 52 61 61 31 
14 34 15 32 44 
61 53 33 34 51 
53 25 11 43 14 
51 31 53 52 13 
44 24 44 21 42 
53 53 25 55 12 
11 54 42 52 45 
34 54 52 34 42 
52 44 52 13 12 
14 12 14 32 41 
15 12 12 35 34 
45 14 41 14 61 
44 35 24 23 34 
55 43 31 14 23 
35 43 31 31 45 
13 15 54 14 15 
34 52 55 54 54 
52 42 33 21 34 
34 11 15 52 25 
21 25 23 54 11 
51 14 44 55 14 
23 15 15 54 24 
34 25 45 12 12 
41 23 21 14 41 
31 41 53 52 13 
25 33 61 35 13 
45 43 24 44 14 
54 52 55 25 55 
12 35 42 11 24 
42 13 32 51 11 
61 61 51 25 12 
51 13 53 25 33 
52 34 45 42 41 
45 21 35 21 44 
55 41 52 21 15 
24 11 25 43 21 
41 21 54 52 51 
13 54 13 32 41 
45 15 34 35 11 
21 51 24 61 25 
53 33 11 61 24 
41 23 52 44 43 
61 55 53 21 43 
13 44 53 12 12 
24 41 14 24 15 
55 45 24 11 34 
51 12 25 31 45 
21 14 23 13 23 
15 44 23 45 22 
52 53 53 52 11 
13 13 14 23 43 
53 43 53 33 44 
25 55 42 32 21 
12 61 41 45 12 
54 43 42 13 12 
42 11 11 41 21 
35 13 55 42 54 
35 24 52 33 55 
51 61 53 44 43 
21 23 31 34 24 
44 53 25 13 14 
12 22 51 11 54 
31 12 25 54 52 
51 24 11 23 13 
23 13 34 25 11 
55 13 25 15 31 
13 13 14 42 44 
33 55 54 53 13 
21 33 35 45 35 
32 54 34 12 13 
22 32 34 33 22 
41 53 52 14 45 
34 51 21 13 35 
23 61 54 44 34 
42 14 24 34 35 
34 33 51 31 33 
52 44 11 21 35 
13 42 25 25 21 
54 51 24 14 54 
52 53 42 43 25 
53 33 14 51 21 
22 22 34 54 22 
31 43 25 32 11 
53 44 33 41 21 
45 25 55 43 45 
53 15 22 42 35 
22 14 14 61 14 
43 12 23 61 32 
51 23 35 44 44 
13 42 51 25 35 
14 33 13 15 41 
14 22 53 32 54 
11 61 24 61 45 
25 31 23 15 11 
33 52 13 32 12 
51 41 32 34 12 
61 24 54 11 61 
54 42 21 31 22 
