61 25 23 55 24 
25 24 25 24 51 
43 45 31 22 55 
41 41 55 24 13 
34 55 21 34 41 
12 51 21 55 11 
43 11 34 31 21 
12 42 25 61 34 
42 13 43 55 54 
21 12 31 42 11 
34 35 11 24 15 
12 51 21 44 51 
14 33 43 33 31 
12 13 11 21 13 
41 45 43 41 23 
33 14 23 25 23 
14 22 31 14 22 
35 22 13 25 61 
23 22 23 51 41 
21 23 25 53 24 
52 15 13 11 24 
11 15 35 54 51 
22 51 43 22 25 
53 22 21 61 44 
35 22 21 11 15 
23 33 12 14 14 
11 52 42 13 42 
34 24 21 54 55 
54 51 14 54 52 
21 34 31 35 41 
14 52 52 45 33 
45 42 32 42 14 
12 43 51 61 52 
13 51 42 43 11 
13 15 45 53 24 
12 54 34 11 24 
14 15 34 52 25 
35 12 31 22 31 
34 61 22 24 15 
13 33 24 24 32 
31 25 24 43 53 
52 25 51 31 51 
21 41 13 11 24 
42 22 44 41 41 
13 21 31 25 22 
45 21 51 34 41 
35 32 12 13 35 
61 55 51 61 52 
32 25 53 44 43 
13 21 51 31 31 
22 41 44 61 52 
22 22 22 21 22 
12 14 23 42 13 
54 32 51 45 54 
11 21 15 32 42 
25 22 44 51 32 
32 21 41 51 51 
54 34 52 51 12 
11 33 12 53 15 
33 53 44 52 15 
25 54 35 55 25 
34 21 22 35 24 
22 61 12 21 12 
24 25 43 12 52 
13 44 42 25 31 
42 25 34 41 44 
12 53 25 24 35 
43 55 12 53 61 
21 21 55 44 43 
45 23 52 32 41 
53 41 22 43 53 
43 34 21 45 51 
25 11 15 35 22 
12 21 55 23 32 
15 52 41 12 51 
22 11 12 52 31 
35 34 21 32 55 
24 44 22 61 54 
24 33 15 42 24 
52 24 34 54 53 
34 42 14 14 52 
13 61 54 24 24 
43 23 34 25 61 
21 53 22 11 15 
45 22 15 24 24 
43 34 24 31 34 
61 11 55 41 32 
52 23 45 43 53 
31 31 13 15 54 
61 42 25 11 32 
12 52 41 53 42 
11 45 32 33 52 
31 51 53 13 41 
55 51 15 45 52 
53 12 25 11 31 
53 24 52 11 51 
35 55 12 45 12 
61 12 24 32 55 
51 42 53 42 21 
52 55 43 52 24 
