42 55 45 61 52 
52 54 25 55 44 
54 24 21 45 25 
53 13 31 43 51 
22 54 11 23 21 
32 42 23 33 55 
24 45 44 45 11 
34 14 22 42 61 
14 32 22 53 11 
11 33 43 12 41 
53 55 12 42 22 
44 12 53 14 61 
14 43 34 35 32 
13 41 13 22 45 
24 55 41 54 45 
11 52 21 55 31 
23 42 32 34 34 
31 14 24 33 12 
12 43 51 54 53 
33 32 32 13 21 
11 25 34 52 12 
44 31 51 61 45 
41 51 51 12 11 
32 33 51 25 61 
51 45 45 14 44 
23 23 41 24 42 
54 43 21 22 31 
22 15 14 12 54 
53 33 12 21 22 
14 31 54 43 11 
21 52 31 54 42 
32 52 54 54 15 
33 61 42 34 33 
34 54 25 52 23 
35 21 31 12 55 
21 54 35 43 45 
24 31 32 52 32 
44 51 22 34 15 
61 12 33 52 33 
41 12 15 52 34 
61 14 53 22 24 
45 23 24 31 11 
53 25 61 45 11 
32 53 21 15 52 
44 45 41 32 22 
15 54 35 13 25 
53 44 53 53 61 
41 11 32 51 41 
31 24 13 22 13 
35 53 55 32 13 
31 44 21 42 24 
35 53 44 61 35 
54 33 12 51 24 
12 54 13 45 12 
52 61 22 12 34 
42 41 44 45 34 
14 33 44 12 52 
22 45 21 23 52 
22 44 32 55 51 
53 54 41 45 54 
23 31 24 15 61 
15 15 52 21 12 
23 11 21 31 53 
43 23 53 25 42 
31 22 31 12 45 
31 32 43 23 54 
61 23 25 32 15 
32 35 35 44 45 
22 55 22 24 32 
41 55 55 22 43 
13 41 25 11 11 
23 24 34 53 55 
11 45 23 42 45 
21 14 61 51 21 
51 45 55 14 23 
21 43 42 34 31 
55 25 43 31 42 
52 11 24 12 52 
44 43 41 42 11 
51 55 32 25 14 
61 54 52 44 54 
44 44 32 35 31 
53 44 31 25 12 
44 12 24 34 43 
12 61 51 24 15 
14 51 23 53 44 
33 24 12 42 12 
12 34 24 34 35 
51 54 54 53 33 
32 25 52 55 61 
35 33 23 14 55 
61 55 23 31 61 
53 15 35 52 42 
35 35 24 14 21 
54 14 55 31 61 
15 15 24 51 31 
42 31 21 51 43 
54 32 32 61 51 
31 33 32 52 45 
13 44 23 52 45 
