34 11 11 31 51 
34 11 35 33 41 
24 52 44 22 33 
41 25 14 12 24 
52 54 45 25 54 
24 34 23 52 25 
54 61 55 32 61 
11 23 34 43 35 
24 54 53 33 34 
32 43 54 45 13 
21 54 25 45 53 
44 53 45 13 33 
25 15 35 55 45 
35 34 11 42 33 
34 24 13 45 13 
21 41 34 21 14 
24 11 34 25 54 
12 51 61 52 55 
15 11 52 22 51 
11 15 13 61 14 
31 34 44 41 23 
53 61 34 44 22 
52 61 53 61 35 
52 15 53 42 42 
25 22 35 51 33 
35 21 24 13 22 
32 44 45 44 54 
61 13 45 22 54 
61 42 41 61 53 
34 55 42 52 44 
33 14 11 61 21 
31 42 43 12 24 
45 14 34 43 21 
45 35 24 22 53 
52 34 33 14 41 
41 34 33 53 53 
24 15 22 33 14 
41 14 12 45 41 
45 25 24 12 11 
53 14 35 43 14 
45 51 13 61 54 
54 52 14 24 22 
13 31 31 21 24 
42 21 13 31 14 
21 11 54 44 25 
54 51 41 21 11 
15 42 34 32 31 
45 45 43 52 61 
35 25 44 21 53 
42 43 54 42 61 
61 53 32 11 33 
21 23 21 54 54 
31 43 23 12 15 
43 15 35 13 25 
15 61 51 44 41 
24 54 12 54 53 
54 54 32 25 32 
14 54 13 42 55 
13 13 31 51 53 
14 11 23 32 12 
53 35 24 34 23 
33 23 14 21 31 
35 12 23 35 44 
45 14 52 14 32 
43 42 55 51 45 
52 14 33 13 34 
53 44 32 13 15 
45 14 32 15 12 
51 54 14 14 53 
32 12 44 45 13 
61 61 44 12 61 
35 24 23 45 23 
51 44 33 22 15 
12 54 34 41 52 
45 25 54 41 24 
34 52 54 21 55 
43 33 44 31 54 
51 21 12 52 53 
23 15 53 61 43 
54 52 33 22 45 
51 43 25 21 54 
44 42 44 52 61 
53 51 11 51 33 
24 44 34 23 31 
33 23 12 31 41 
42 14 42 23 53 
33 61 61 44 15 
11 51 22 14 11 
41 24 23 55 44 
61 13 45 41 11 
44 52 43 41 42 
24 52 35 21 11 
53 43 31 53 23 
54 43 52 24 53 
21 54 12 25 23 
23 61 33 55 12 
21 11 12 32 35 
11 53 23 11 55 
42 21 21 31 24 
15 31 52 53 35 
