25 31 55 43 45 
54 12 24 55 14 
33 41 33 31 33 
23 15 41 11 24 
44 25 15 13 44 
33 25 21 54 61 
11 24 25 33 24 
51 42 14 54 13 
15 31 12 45 32 
41 14 44 55 25 
32 44 54 45 24 
12 15 53 61 12 
45 21 45 25 53 
14 23 43 45 51 
32 32 55 41 45 
35 45 55 34 53 
24 23 33 52 45 
52 25 43 42 61 
13 12 54 12 15 
44 43 34 14 51 
55 21 11 33 22 
24 13 22 15 43 
21 53 44 25 52 
23 35 23 11 25 
61 55 14 23 61 
54 55 31 21 33 
14 32 22 13 42 
44 55 42 25 61 
14 41 11 41 13 
52 45 41 42 52 
13 33 44 32 54 
54 33 51 51 44 
44 61 13 22 11 
21 25 45 43 52 
61 31 12 21 35 
23 22 43 15 43 
13 44 22 55 21 
55 54 32 21 35 
45 54 44 43 54 
33 51 13 45 32 
15 31 54 43 53 
21 12 15 15 14 
13 32 52 24 35 
31 43 13 24 11 
15 25 25 42 14 
61 33 42 45 24 
45 31 23 54 44 
55 22 61 35 34 
23 25 32 45 41 
31 41 13 55 55 
53 32 53 23 52 
43 22 35 55 11 
54 55 21 34 31 
54 24 51 31 24 
15 43 34 32 13 
15 31 52 15 55 
23 42 25 21 41 
11 54 33 41 54 
45 15 32 23 32 
51 41 12 43 53 
35 43 43 55 14 
12 43 35 55 43 
24 51 45 11 43 
44 32 55 34 44 
51 15 41 44 32 
15 31 13 31 43 
31 11 15 32 15 
14 22 45 33 43 
11 54 22 42 55 
45 41 15 11 23 
54 53 61 11 33 
35 44 61 14 21 
12 54 61 41 31 
15 53 25 42 52 
22 22 24 13 42 
35 51 13 14 13 
42 42 52 12 55 
31 44 51 51 25 
22 11 31 42 44 
45 11 33 33 21 
34 41 22 13 53 
55 21 14 31 22 
14 15 32 13 21 
25 35 43 14 53 
12 45 51 21 45 
24 42 35 54 31 
61 61 51 22 12 
42 42 13 22 25 
23 12 25 11 52 
41 41 43 44 55 
14 11 41 15 24 
51 15 32 23 11 
44 33 43 45 11 
15 52 35 52 41 
35 34 35 42 54 
22 31 41 32 45 
52 12 34 34 43 
55 42 32 14 21 
25 41 45 44 41 
53 22 54 33 24 
