43 32 44 13 55 
24 11 32 13 44 
53 24 33 53 25 
15 53 23 13 61 
35 45 33 13 43 
41 33 55 45 15 
54 53 41 43 24 
25 25 21 45 55 
44 14 23 53 15 
35 45 52 31 45 
31 15 25 13 21 
15 33 45 53 35 
33 14 52 21 45 
23 41 13 52 15 
42 42 41 15 22 
33 42 21 41 44 
54 13 11 13 61 
42 24 45 35 24 
25 11 14 11 24 
51 23 25 35 53 
34 43 41 32 55 
14 22 54 12 12 
35 34 52 52 21 
13 13 43 34 23 
35 22 34 15 31 
13 41 13 25 51 
15 25 11 42 41 
55 52 11 32 21 
35 11 13 33 25 
33 22 14 34 43 
35 54 55 25 15 
61 34 33 41 12 
61 43 53 13 34 
55 32 55 33 23 
33 32 61 52 53 
22 44 22 14 51 
31 43 33 34 23 
52 23 21 11 31 
34 22 23 43 11 
53 11 51 41 15 
15 61 44 61 45 
14 44 61 21 11 
31 25 15 41 43 
43 51 25 32 34 
51 12 33 21 51 
33 15 55 44 44 
43 43 53 11 55 
15 24 44 41 45 
41 43 43 11 41 
53 52 11 24 52 
14 33 61 53 45 
61 22 41 15 23 
44 12 44 32 55 
53 34 15 51 34 
25 54 15 24 11 
54 55 12 52 55 
25 53 21 34 12 
55 22 31 12 52 
24 53 52 43 22 
13 43 25 44 45 
14 51 15 11 61 
44 14 42 52 11 
35 34 33 35 31 
52 32 55 14 44 
53 34 25 55 11 
53 31 44 31 25 
24 51 54 35 33 
23 53 22 15 45 
14 61 22 45 42 
22 33 51 34 12 
41 53 61 61 25 
34 55 31 13 24 
21 61 42 14 22 
13 51 13 35 23 
61 23 61 55 14 
35 53 23 45 53 
13 54 51 53 61 
31 41 32 21 52 
11 42 34 55 42 
12 25 35 31 54 
43 34 52 14 14 
33 21 11 24 44 
61 24 13 15 35 
23 32 14 24 11 
23 14 43 34 41 
14 55 15 53 44 
25 11 54 32 54 
53 33 14 23 41 
25 31 32 22 52 
35 42 31 52 34 
54 22 45 32 13 
33 43 61 45 22 
34 54 43 12 13 
54 12 11 24 51 
61 32 23 42 53 
52 11 34 22 22 
14 31 54 23 43 
25 41 42 51 35 
25 11 34 15 42 
43 51 42 13 51 
