42 61 25 51 33 
15 44 54 54 43 
11 15 61 45 44 
55 45 12 54 53 
25 32 51 43 55 
33 41 51 21 15 
12 34 13 41 41 
34 31 21 43 13 
14 53 61 13 32 
44 25 13 11 23 
54 14 31 23 61 
11 52 54 35 52 
23 54 54 23 51 
32 42 31 35 14 
52 55 41 41 61 
21 13 33 52 23 
21 53 43 14 24 
54 35 35 21 61 
12 45 33 52 25 
44 15 31 21 45 
53 55 61 53 34 
22 51 22 33 25 
34 44 13 52 11 
32 61 11 44 61 
53 43 31 55 35 
15 22 32 15 51 
34 53 43 24 42 
61 51 15 61 31 
54 13 23 25 15 
44 15 55 25 13 
44 43 51 24 34 
23 51 25 24 44 
52 32 33 35 45 
45 33 52 14 54 
42 24 41 23 43 
33 41 11 51 44 
22 43 42 12 11 
42 33 51 24 53 
34 41 35 33 45 
44 11 21 54 34 
42 31 25 42 23 
41 11 32 53 21 
11 14 23 21 43 
22 32 22 25 53 
13 53 31 14 51 
55 33 25 61 61 
34 52 44 21 12 
55 53 45 11 41 
44 42 11 15 44 
54 22 22 43 21 
41 22 55 24 43 
35 61 12 25 32 
41 51 52 42 53 
55 15 31 34 25 
41 34 24 52 44 
42 22 34 32 61 
54 61 25 61 44 
54 21 24 21 24 
13 44 32 35 33 
41 24 14 23 52 
25 31 55 25 35 
22 23 32 12 55 
23 43 41 32 34 
24 45 24 55 14 
43 34 22 43 51 
45 31 52 45 43 
53 31 25 15 52 
21 24 32 13 61 
23 21 54 21 51 
25 13 32 33 14 
15 14 22 21 22 
44 23 51 31 33 
13 54 14 24 12 
12 34 12 13 31 
51 44 25 53 41 
11 13 11 14 51 
21 31 13 34 42 
53 33 34 43 44 
54 22 25 43 52 
55 41 33 61 21 
13 33 53 23 42 
54 33 25 11 53 
21 21 44 43 42 
35 12 52 14 53 
54 44 44 23 54 
25 15 41 54 34 
21 22 35 45 44 
11 25 23 25 51 
51 51 14 24 52 
52 51 51 23 34 
14 54 15 54 15 
52 33 44 42 35 
55 14 35 21 23 
31 42 41 34 52 
53 25 55 32 23 
34 24 21 54 35 
24 55 61 12 45 
33 51 41 24 54 
55 32 12 12 44 
13 21 34 24 13 
