11 35 61 13 51 
12 35 61 42 15 
41 41 52 22 33 
54 11 42 54 35 
35 31 25 54 55 
52 43 43 15 54 
24 22 24 22 32 
14 44 31 54 41 
55 21 41 22 43 
53 61 34 53 43 
24 33 45 12 51 
23 54 13 54 55 
35 21 23 34 31 
41 51 51 12 51 
43 12 31 11 51 
15 22 12 42 53 
42 51 43 54 34 
35 14 12 25 11 
32 15 25 31 15 
12 35 23 15 31 
54 25 12 12 11 
54 13 32 53 54 
22 51 44 55 25 
11 32 55 11 11 
13 54 23 15 45 
35 44 11 13 21 
23 25 44 34 11 
25 55 11 13 55 
52 53 45 13 22 
42 32 11 52 22 
22 11 33 43 52 
14 33 55 32 35 
41 61 35 44 35 
42 21 52 14 34 
52 32 32 61 32 
51 53 22 11 31 
34 54 21 44 54 
22 44 34 35 31 
54 54 25 12 34 
42 22 41 41 54 
12 13 21 54 31 
12 42 51 24 41 
21 34 61 21 23 
34 35 51 52 12 
12 42 52 32 55 
41 13 35 22 44 
12 43 14 12 43 
14 34 45 55 31 
55 12 32 45 45 
11 45 53 42 24 
13 33 32 42 54 
55 22 12 31 34 
14 23 11 55 22 
52 45 44 52 53 
43 23 22 45 34 
21 55 41 55 31 
61 33 61 43 43 
43 52 14 13 33 
23 22 35 45 54 
14 34 43 11 45 
13 32 45 61 41 
11 42 51 24 52 
41 44 61 21 54 
42 23 51 21 11 
25 33 41 23 14 
52 32 23 31 23 
31 35 52 14 34 
22 55 44 31 55 
35 23 33 24 12 
43 41 13 34 14 
52 45 45 14 42 
22 24 15 55 31 
35 32 31 54 55 
52 32 13 55 15 
34 31 13 55 31 
53 51 22 54 11 
42 45 23 12 13 
31 41 31 45 12 
11 21 21 25 23 
42 25 31 51 45 
42 13 14 43 53 
14 21 31 25 61 
61 45 15 41 45 
41 53 35 14 52 
34 23 34 51 45 
25 25 53 11 11 
33 61 61 21 14 
42 54 51 61 42 
22 22 33 35 53 
51 33 15 33 52 
51 31 43 51 44 
55 24 43 34 45 
53 42 42 33 52 
21 22 44 12 52 
32 13 22 43 22 
24 25 33 31 35 
45 53 33 55 32 
34 42 33 44 25 
34 13 45 41 43 
53 34 45 44 14 
