45 61 12 43 32 
54 55 13 54 33 
33 55 52 43 52 
12 32 12 61 52 
25 43 41 34 11 
54 11 55 21 11 
43 41 15 15 53 
31 53 31 12 12 
44 23 32 61 13 
61 24 51 55 41 
24 21 24 53 32 
44 12 35 12 11 
14 13 25 32 52 
61 24 12 11 12 
25 51 23 12 23 
41 11 43 61 22 
21 44 61 11 35 
52 34 31 33 24 
53 55 33 34 11 
42 41 43 14 32 
52 15 24 24 11 
13 51 51 44 41 
33 14 24 33 45 
42 14 34 13 61 
35 44 25 54 21 
32 42 33 43 54 
61 21 21 14 14 
44 25 13 33 32 
43 34 34 41 21 
51 34 21 52 15 
15 44 11 52 35 
14 44 24 21 61 
55 35 45 34 34 
33 44 15 24 53 
12 54 34 42 42 
22 33 32 35 43 
22 12 15 25 55 
12 15 14 34 21 
31 55 55 14 15 
51 53 23 21 23 
52 42 51 32 54 
13 45 13 12 21 
53 24 41 51 15 
54 23 44 25 52 
35 13 32 53 61 
22 15 44 53 61 
53 35 11 61 44 
12 22 12 53 24 
12 52 31 55 14 
32 32 25 54 23 
35 45 55 44 53 
41 32 45 33 23 
32 23 22 35 33 
15 44 52 11 33 
42 31 15 52 13 
54 32 35 32 15 
61 12 23 42 13 
42 52 14 42 22 
44 51 43 21 34 
24 13 13 35 43 
13 42 45 54 55 
24 31 22 44 32 
35 55 41 11 25 
32 21 55 35 55 
52 44 42 25 55 
14 41 61 43 53 
52 34 24 12 24 
15 13 44 22 52 
23 31 24 52 35 
15 24 33 11 34 
35 53 23 22 31 
15 53 11 33 51 
11 24 53 35 15 
21 43 15 13 13 
13 61 33 43 44 
24 22 44 54 23 
55 34 44 14 43 
13 42 31 41 45 
35 55 53 31 14 
53 11 23 31 55 
54 53 52 55 23 
15 24 61 52 15 
15 11 22 61 35 
15 44 44 11 22 
51 43 44 35 12 
22 44 23 14 55 
33 34 51 54 51 
24 55 13 32 22 
55 22 33 42 45 
42 23 54 61 23 
33 33 43 35 14 
12 21 15 42 61 
25 23 54 34 54 
11 13 22 24 25 
23 32 52 52 23 
53 31 43 45 61 
25 61 45 51 22 
34 43 31 11 34 
13 23 24 53 44 
31 12 41 61 54 
