15 44 44 35 35 
61 52 12 24 55 
31 31 34 25 45 
22 52 52 45 12 
43 52 61 12 21 
54 34 11 44 15 
52 12 45 35 14 
11 25 14 13 33 
51 35 13 34 35 
61 32 14 53 41 
42 23 32 23 12 
33 11 52 23 45 
35 44 43 55 25 
34 31 33 45 23 
33 21 45 13 32 
44 41 34 44 35 
51 34 23 12 32 
53 41 42 45 45 
61 54 35 34 33 
52 55 21 14 12 
33 41 25 43 61 
45 61 24 45 42 
11 22 42 41 23 
11 51 24 43 11 
15 44 13 13 53 
15 14 54 54 43 
35 35 15 61 24 
54 31 45 43 24 
24 51 23 61 53 
23 42 61 61 22 
43 12 24 12 25 
21 35 24 45 52 
23 51 34 25 14 
32 21 35 61 22 
22 22 54 22 34 
43 35 12 24 12 
44 24 25 42 42 
41 22 61 55 44 
41 44 53 22 32 
55 31 13 34 53 
33 21 33 15 12 
15 32 45 21 53 
11 34 51 61 12 
34 35 14 22 55 
43 54 32 51 31 
33 12 22 25 21 
54 23 52 35 34 
24 31 14 13 13 
24 13 15 54 11 
35 33 13 54 44 
21 22 33 23 13 
13 41 31 11 42 
35 53 32 24 45 
51 34 55 22 22 
61 41 41 51 15 
14 11 31 34 61 
13 35 35 35 32 
21 23 54 52 22 
43 35 61 44 45 
14 45 15 11 34 
31 12 44 51 11 
61 21 15 44 24 
45 42 13 13 42 
45 13 42 34 32 
22 24 61 52 44 
15 35 24 45 34 
14 22 32 32 41 
25 11 61 41 54 
12 14 31 54 52 
53 12 12 11 51 
54 53 53 14 41 
44 42 15 54 34 
34 33 42 14 22 
54 41 45 54 25 
14 13 61 31 23 
53 31 41 33 53 
12 44 31 35 54 
43 51 23 42 24 
61 55 23 15 25 
44 35 22 15 25 
32 14 43 31 15 
42 25 42 23 22 
42 44 25 54 13 
31 24 33 43 33 
14 41 24 54 22 
13 53 23 41 54 
32 53 11 14 24 
51 24 34 52 32 
11 11 24 13 22 
24 22 13 51 23 
61 55 25 13 55 
23 25 33 44 32 
21 33 55 11 55 
33 13 54 45 45 
25 55 14 33 42 
15 53 23 24 45 
13 53 52 52 22 
24 32 41 41 15 
54 51 22 54 45 
53 24 34 61 32 
