22 34 34 33 54 
31 41 33 25 33 
52 53 13 12 54 
34 53 25 21 34 
41 35 24 33 52 
55 14 42 24 42 
52 11 24 61 24 
23 35 51 25 34 
21 53 24 31 12 
14 11 23 54 24 
15 54 55 34 51 
44 34 13 14 23 
12 33 42 34 11 
43 23 14 54 51 
54 53 45 22 25 
53 41 43 23 25 
15 44 33 55 32 
55 35 12 54 61 
32 13 21 33 12 
14 31 52 15 32 
15 21 43 11 55 
41 24 61 41 44 
21 15 51 24 33 
42 42 44 22 21 
21 22 25 51 44 
23 55 43 35 45 
22 34 15 53 22 
42 32 41 15 32 
42 41 25 12 54 
61 33 55 25 24 
24 42 42 13 25 
35 25 12 25 11 
23 12 32 23 22 
34 34 21 61 21 
32 52 14 35 35 
32 41 51 41 54 
41 55 21 21 53 
15 11 52 54 11 
12 13 44 13 53 
14 43 22 53 53 
52 33 32 61 35 
11 55 31 54 14 
33 21 34 61 32 
52 45 43 41 33 
55 61 43 42 51 
21 12 21 32 53 
12 54 55 31 42 
25 22 42 42 12 
31 11 23 11 15 
43 52 14 24 32 
54 25 12 34 32 
55 24 25 52 32 
33 31 22 11 11 
51 22 44 42 25 
23 15 12 13 14 
21 33 13 21 12 
61 44 22 61 52 
42 14 33 35 43 
31 34 55 35 43 
44 21 15 35 41 
22 31 12 53 14 
33 54 51 24 51 
22 45 34 13 31 
13 15 41 31 42 
54 22 21 51 55 
43 31 14 25 34 
52 21 25 25 24 
42 45 11 54 32 
24 43 55 53 24 
61 41 22 22 53 
13 41 11 42 43 
32 51 54 53 51 
34 54 43 12 33 
44 52 25 33 13 
23 13 41 52 54 
25 24 52 51 54 
32 53 21 54 14 
35 25 13 14 23 
21 32 42 51 51 
33 32 31 42 22 
43 61 55 12 15 
52 23 23 61 22 
14 41 22 34 22 
32 14 45 23 61 
51 23 31 55 42 
44 12 35 42 24 
21 22 61 44 13 
53 33 12 14 32 
15 55 23 14 34 
45 13 23 21 34 
15 15 32 54 24 
13 44 13 61 61 
42 55 53 13 54 
41 41 13 51 43 
23 44 25 23 61 
43 32 55 55 22 
34 43 61 54 21 
44 41 32 11 24 
41 55 22 51 22 
51 51 22 53 31 
