54 33 35 61 41 
55 43 43 45 31 
44 34 41 11 43 
25 21 24 51 43 
32 45 31 25 35 
44 53 35 21 25 
42 61 31 45 25 
52 25 42 54 35 
14 41 15 25 55 
52 51 24 51 31 
44 52 32 11 35 
15 43 24 25 13 
14 61 11 61 33 
61 34 34 12 21 
22 35 35 43 44 
55 25 14 61 13 
34 32 45 43 11 
12 42 14 45 52 
13 53 44 12 15 
42 13 14 22 61 
41 42 53 31 44 
22 13 55 33 12 
44 25 14 25 61 
52 12 44 11 44 
52 31 35 45 32 
44 45 24 41 32 
25 53 45 54 52 
51 12 51 23 55 
23 21 21 41 43 
52 22 53 42 55 
31 45 22 43 45 
23 15 41 23 25 
12 43 45 45 23 
12 24 21 43 45 
11 11 14 33 25 
35 43 43 54 15 
42 53 11 43 52 
54 35 45 11 41 
31 34 15 42 51 
43 34 35 41 15 
44 54 33 11 21 
22 55 52 13 41 
12 33 15 11 41 
24 43 12 12 51 
14 61 32 54 25 
15 52 25 33 23 
55 24 54 31 52 
25 15 25 35 33 
51 54 13 42 22 
31 11 44 22 44 
41 14 25 61 11 
22 15 43 32 41 
35 43 11 22 11 
25 44 35 22 44 
44 23 54 42 13 
23 13 53 51 14 
42 24 13 43 25 
34 15 23 35 44 
14 22 54 51 21 
52 32 43 54 35 
31 52 61 32 42 
53 44 61 43 35 
45 45 32 22 25 
11 52 35 14 21 
15 54 44 54 45 
24 32 34 35 34 
34 61 11 33 45 
22 43 31 42 22 
21 55 15 13 34 
55 45 14 52 13 
44 21 13 15 21 
45 52 55 24 45 
41 24 61 12 14 
25 51 43 55 13 
25 21 33 13 12 
21 31 33 55 13 
51 12 42 53 43 
43 45 52 21 25 
13 51 15 13 43 
24 31 52 45 42 
33 41 23 31 32 
25 13 43 51 22 
14 12 32 42 54 
44 45 61 32 35 
21 21 53 25 42 
44 35 23 35 44 
32 33 13 41 32 
41 13 51 32 13 
42 11 14 23 43 
43 32 34 31 24 
44 32 31 33 41 
24 41 23 22 45 
45 43 12 55 55 
42 34 54 12 11 
33 45 33 21 23 
12 32 22 61 31 
52 24 42 14 41 
34 42 44 61 52 
24 11 25 41 14 
24 13 35 23 43 
