25 31 34 35 51 
54 61 21 44 44 
13 32 53 43 43 
53 12 52 61 12 
24 13 55 41 24 
33 35 33 43 55 
41 45 31 41 34 
32 54 42 44 14 
11 54 54 23 54 
52 53 52 53 44 
35 42 51 44 33 
33 31 42 22 52 
15 24 31 35 34 
13 11 24 53 53 
61 15 12 11 31 
54 22 24 41 55 
41 23 23 13 25 
34 35 51 52 22 
13 44 53 21 51 
25 42 12 55 25 
43 51 45 45 23 
31 25 25 42 51 
61 42 55 53 24 
42 11 32 33 15 
42 12 42 13 43 
12 44 11 12 51 
11 41 13 14 24 
25 32 11 12 51 
33 44 22 22 22 
14 11 24 25 21 
12 24 45 43 32 
33 33 61 45 53 
33 55 23 31 42 
34 13 43 51 45 
35 11 11 45 11 
11 14 45 21 51 
21 33 35 12 55 
22 55 31 53 55 
24 43 54 33 52 
13 23 24 51 51 
31 32 22 34 51 
12 54 44 43 52 
14 44 42 43 44 
45 33 51 34 61 
22 45 42 43 15 
12 33 43 51 24 
15 15 21 41 13 
53 44 23 53 52 
51 61 45 55 45 
11 21 31 15 53 
34 32 12 45 42 
41 61 25 21 34 
21 23 11 11 52 
45 44 31 53 22 
42 23 11 61 24 
51 53 14 41 32 
41 45 21 11 45 
55 24 51 34 33 
34 25 22 32 24 
42 45 51 24 14 
61 32 42 43 45 
61 35 11 54 54 
45 31 44 31 42 
51 55 12 15 51 
11 61 33 25 34 
61 34 34 42 33 
35 31 12 12 44 
22 31 35 12 14 
24 52 45 33 51 
44 22 53 22 14 
43 23 61 32 55 
23 53 14 52 54 
61 45 14 54 22 
33 11 34 24 43 
15 31 13 61 61 
11 35 35 41 51 
44 52 42 45 41 
52 13 45 21 41 
53 13 25 21 54 
43 52 25 52 33 
31 61 45 34 24 
22 25 44 24 22 
33 55 43 42 44 
13 54 61 55 51 
45 51 44 31 43 
22 31 21 51 51 
42 54 15 25 45 
15 33 31 25 35 
12 33 11 51 61 
31 21 24 33 21 
32 41 12 42 42 
35 35 31 54 13 
21 33 11 31 11 
51 34 31 23 43 
24 54 22 12 41 
21 25 51 15 53 
52 34 24 45 33 
22 51 15 45 25 
51 61 32 45 45 
43 45 25 11 11 
