21 34 32 55 11 
14 25 15 23 12 
24 21 34 45 12 
61 12 22 33 22 
34 53 53 33 23 
24 52 51 12 45 
54 41 43 43 12 
41 13 54 31 61 
13 21 31 13 35 
42 33 51 22 35 
21 25 23 21 33 
55 44 51 21 42 
61 22 31 22 34 
13 61 31 45 32 
35 31 52 22 43 
52 44 12 41 34 
22 23 13 44 25 
55 33 42 24 32 
51 43 15 43 32 
55 21 33 35 23 
33 55 55 42 33 
14 42 42 14 35 
31 11 43 44 12 
53 51 21 42 43 
41 52 53 33 32 
42 11 24 53 33 
54 31 22 61 22 
15 61 42 11 32 
52 12 23 51 45 
23 11 41 25 22 
54 22 41 14 42 
34 12 25 53 34 
22 42 21 55 41 
21 54 54 43 53 
31 44 25 32 15 
53 61 25 51 53 
52 23 33 42 34 
32 14 13 44 32 
61 13 25 35 15 
33 25 12 13 15 
61 21 42 23 33 
53 54 11 35 43 
31 53 55 33 24 
24 31 31 35 15 
13 12 41 14 14 
21 53 52 21 34 
33 54 52 42 43 
53 23 33 33 34 
55 14 42 35 21 
22 12 61 35 23 
34 52 61 14 41 
53 31 12 34 44 
21 11 44 34 53 
45 32 41 13 53 
44 54 15 14 13 
12 23 23 12 42 
11 13 34 43 43 
55 52 12 12 61 
54 11 52 42 11 
24 34 24 43 45 
45 24 61 61 32 
22 45 15 61 14 
55 53 52 53 53 
22 54 31 23 51 
44 54 15 35 52 
35 45 15 55 43 
53 12 42 33 12 
35 51 32 14 13 
55 15 11 15 21 
31 34 43 34 11 
41 13 51 61 35 
35 44 21 11 45 
14 45 21 21 13 
53 55 32 42 12 
23 45 21 23 31 
55 31 55 42 61 
31 53 42 52 22 
35 31 31 33 51 
21 55 45 32 32 
42 14 21 35 45 
42 31 54 44 51 
41 14 22 23 22 
31 54 32 31 12 
33 44 42 32 55 
44 11 44 11 13 
43 23 42 24 11 
52 44 51 45 13 
32 54 54 42 23 
42 41 12 35 14 
14 42 55 11 35 
22 41 43 34 15 
22 21 52 13 53 
61 32 31 35 44 
33 13 25 41 44 
55 55 11 23 35 
21 41 35 51 53 
54 61 54 45 54 
61 44 21 61 14 
53 25 24 41 14 
11 51 45 52 12 
