34 13 22 53 35 
14 52 22 52 44 
42 53 54 54 23 
21 42 23 45 11 
43 54 15 12 41 
45 24 34 53 53 
23 34 31 25 61 
14 35 51 54 33 
13 11 41 51 42 
51 12 45 52 23 
32 35 53 54 11 
21 52 53 53 12 
42 31 51 43 15 
35 61 11 34 25 
41 11 43 25 15 
12 15 61 33 54 
25 42 12 33 35 
44 22 31 21 45 
45 23 61 53 42 
41 14 35 33 43 
33 43 45 42 52 
25 13 15 33 14 
51 42 45 53 11 
45 52 23 11 42 
13 35 11 54 42 
11 42 43 43 15 
44 25 33 15 13 
41 55 24 51 33 
61 25 31 14 14 
45 23 32 31 43 
34 34 14 12 32 
45 55 35 54 31 
24 25 11 34 52 
13 15 14 13 11 
52 23 14 51 12 
54 55 53 12 35 
35 33 54 52 31 
44 24 14 55 23 
51 21 31 13 24 
53 15 45 44 55 
11 45 43 15 14 
52 11 33 44 12 
13 55 34 42 44 
54 32 21 15 51 
51 45 53 41 44 
43 41 34 34 31 
32 52 41 12 11 
51 22 44 22 54 
24 52 23 61 12 
14 35 44 33 34 
15 34 22 35 11 
44 34 45 44 51 
44 11 34 33 14 
42 44 54 24 35 
11 53 13 35 33 
45 33 35 25 42 
12 13 54 13 11 
21 32 14 51 45 
51 13 44 33 43 
55 11 24 54 14 
33 53 13 14 55 
11 44 42 52 43 
45 61 33 61 35 
61 45 45 44 11 
13 14 45 54 43 
35 32 51 25 44 
12 22 61 55 43 
44 42 55 32 42 
61 35 23 24 42 
21 15 12 44 25 
22 14 42 24 24 
11 33 15 21 44 
33 55 35 42 23 
45 61 31 52 45 
44 51 31 54 43 
13 11 44 45 33 
41 12 11 52 12 
13 44 11 33 23 
53 33 55 32 45 
23 35 15 14 31 
52 15 44 43 15 
22 45 52 51 14 
34 51 24 61 51 
24 42 31 31 51 
61 61 55 52 34 
33 43 23 54 44 
14 21 15 61 15 
55 22 61 42 15 
34 14 33 52 23 
61 32 21 54 61 
41 52 51 44 12 
22 34 61 43 14 
11 61 34 42 24 
32 41 42 24 24 
11 24 12 22 13 
45 24 54 12 51 
51 14 14 43 25 
34 25 11 61 53 
24 53 55 43 53 
42 44 13 55 21 
