35 54 23 22 51 
52 24 33 33 55 
32 25 41 44 15 
14 45 31 42 15 
21 23 21 32 43 
23 42 33 22 42 
25 12 44 35 25 
13 35 53 51 21 
25 21 35 33 22 
23 45 52 52 25 
14 24 21 45 11 
35 21 42 34 53 
52 45 51 15 61 
22 53 45 22 21 
24 55 52 51 11 
53 23 12 54 42 
14 43 15 45 25 
25 31 53 14 55 
34 53 25 51 15 
45 23 23 33 21 
42 35 44 53 35 
15 14 24 22 35 
35 32 14 45 25 
25 15 45 61 23 
44 11 61 24 32 
45 33 51 55 32 
43 31 23 42 14 
44 52 34 33 43 
34 31 22 42 43 
52 31 55 32 14 
52 42 45 54 61 
32 22 21 13 35 
13 53 14 52 31 
51 45 24 31 44 
35 44 54 54 44 
15 35 53 61 43 
54 34 45 35 34 
25 51 14 13 24 
24 21 45 53 11 
31 14 45 21 13 
44 41 12 12 34 
42 14 52 15 12 
34 42 32 15 12 
13 45 54 23 15 
41 52 44 22 33 
34 52 31 61 44 
55 24 42 11 25 
44 24 55 42 11 
52 43 45 25 23 
54 21 21 25 22 
43 55 22 12 32 
15 41 11 51 21 
23 21 32 14 11 
41 52 41 32 24 
35 34 34 34 51 
43 55 14 13 42 
33 44 31 52 34 
51 22 15 61 34 
31 13 31 14 53 
35 22 55 53 31 
55 24 52 43 53 
44 21 14 32 34 
23 54 61 21 44 
22 15 25 23 43 
51 61 32 45 25 
33 42 42 31 34 
45 31 23 12 35 
32 21 45 13 12 
23 15 45 53 41 
52 42 35 55 55 
43 51 51 31 23 
52 22 25 34 54 
42 24 51 55 44 
54 24 33 11 13 
55 23 11 33 51 
42 44 35 21 25 
54 41 45 61 25 
13 42 44 44 44 
24 21 11 52 22 
52 14 42 22 55 
14 52 12 42 61 
43 32 11 55 24 
22 53 55 35 55 
54 13 32 24 24 
34 13 44 42 44 
41 53 42 15 32 
53 35 24 24 53 
43 41 13 24 32 
24 51 14 44 45 
53 13 35 34 25 
34 53 31 45 23 
14 44 31 13 24 
34 61 61 25 35 
33 21 23 44 15 
52 15 55 13 25 
15 34 44 22 32 
42 44 54 41 44 
14 34 53 31 43 
55 25 25 11 45 
44 41 11 35 21 
