55 13 12 54 24 
21 12 23 53 12 
32 43 21 35 13 
52 55 22 45 32 
51 52 44 53 22 
42 23 51 23 32 
21 52 22 35 44 
52 25 45 42 15 
52 32 34 34 23 
42 54 44 33 53 
32 31 52 31 12 
31 32 34 31 12 
34 23 54 21 43 
41 14 33 61 61 
11 61 14 52 21 
23 51 44 12 54 
52 54 12 41 22 
43 34 53 31 54 
44 15 42 51 33 
52 14 54 33 22 
61 23 14 34 22 
42 21 55 53 21 
32 25 15 53 13 
23 41 31 33 24 
52 35 11 15 55 
31 21 41 41 22 
54 13 51 25 41 
42 44 22 35 61 
43 43 53 44 61 
21 31 44 32 21 
42 41 52 42 43 
41 32 13 53 53 
42 15 25 31 35 
34 35 54 14 61 
23 42 52 24 13 
45 54 21 35 35 
25 11 53 41 35 
54 23 24 34 45 
23 14 25 51 53 
41 52 44 51 45 
24 51 22 35 24 
45 61 33 55 32 
34 61 35 52 34 
21 52 23 23 21 
32 25 23 51 25 
21 22 55 43 41 
33 55 25 54 32 
32 44 31 53 43 
23 41 24 54 45 
61 21 53 52 21 
43 52 54 43 21 
51 21 41 21 13 
12 12 24 32 22 
22 24 41 44 24 
43 15 31 21 32 
22 25 61 51 52 
15 32 61 32 61 
51 54 23 11 24 
45 43 15 54 14 
52 14 12 43 45 
32 61 25 22 31 
32 23 25 43 53 
12 53 23 14 32 
42 15 34 35 61 
61 11 12 34 31 
14 21 51 32 11 
41 42 42 31 21 
45 14 53 52 34 
22 61 22 51 54 
15 35 44 23 54 
12 25 54 51 51 
32 43 43 35 12 
31 34 53 15 15 
52 15 24 24 12 
61 24 61 35 22 
12 34 25 61 21 
52 53 43 51 43 
41 53 51 13 32 
44 23 32 24 35 
12 42 33 51 24 
21 42 15 54 22 
45 41 55 21 54 
11 22 55 35 32 
53 24 13 21 45 
14 11 14 33 13 
15 54 43 24 43 
52 23 44 22 33 
51 44 52 45 35 
41 13 13 54 55 
22 11 44 13 22 
31 24 24 52 61 
12 43 35 33 45 
12 54 54 44 21 
44 44 55 22 13 
23 53 11 22 23 
61 13 52 25 32 
32 35 41 31 22 
25 23 54 11 51 
13 14 25 32 12 
43 53 23 51 45 
