11 12 15 61 51 
31 11 54 25 54 
34 33 53 13 14 
41 43 14 14 12 
41 14 21 14 42 
31 14 35 13 13 
22 45 14 34 14 
11 24 32 11 55 
45 11 25 52 24 
42 23 33 15 21 
25 11 24 44 51 
32 54 32 11 53 
31 34 53 21 35 
41 45 41 21 51 
31 12 52 52 35 
42 32 15 13 11 
31 31 35 14 21 
14 52 45 22 13 
54 32 53 12 55 
15 44 24 13 41 
55 45 12 32 11 
61 51 42 14 61 
32 33 23 53 15 
42 43 12 24 24 
21 22 54 35 44 
61 31 13 31 33 
51 21 44 24 31 
34 42 23 51 55 
55 24 33 24 51 
54 54 34 33 13 
41 41 42 32 45 
51 45 15 11 32 
61 24 34 15 15 
61 55 31 15 45 
33 34 25 41 42 
22 61 22 23 31 
13 41 43 42 21 
42 35 31 32 23 
43 61 13 53 13 
12 22 54 61 35 
45 22 15 12 21 
44 14 52 61 45 
23 11 55 23 41 
41 41 42 51 33 
22 42 45 15 41 
21 52 51 13 13 
45 22 54 23 12 
32 51 15 24 32 
23 11 25 34 21 
34 61 25 33 15 
22 12 14 34 54 
33 14 45 54 12 
51 22 55 42 33 
21 61 14 42 44 
34 22 51 41 41 
32 32 23 45 22 
24 53 44 11 35 
14 32 13 33 31 
53 35 34 52 33 
33 51 44 35 53 
45 35 15 55 23 
55 24 34 12 41 
55 52 43 11 24 
44 54 11 55 43 
41 42 55 22 54 
34 33 12 53 52 
21 15 31 13 61 
52 44 11 51 15 
21 13 54 11 43 
25 24 15 54 32 
45 35 31 33 51 
54 51 21 55 14 
43 43 15 33 11 
42 25 12 24 15 
23 21 44 32 24 
12 35 41 51 35 
25 52 14 11 14 
54 13 25 34 23 
14 33 34 41 55 
43 21 12 41 61 
13 55 25 11 25 
54 33 24 33 15 
15 35 22 41 11 
41 14 32 55 31 
54 31 41 45 13 
14 11 25 41 51 
31 41 51 61 35 
24 24 22 33 21 
21 42 14 55 52 
21 22 13 43 22 
35 35 31 11 44 
54 25 34 35 21 
25 61 45 54 52 
13 45 12 55 32 
24 14 34 42 32 
35 12 51 25 11 
15 61 15 35 42 
12 24 55 21 11 
54 35 12 53 35 
12 35 11 55 23 
