31 23 31 42 24 
15 54 21 13 41 
51 41 35 14 41 
22 61 44 31 23 
23 15 25 41 55 
53 35 54 42 33 
21 15 11 13 61 
34 11 41 43 15 
51 13 43 34 22 
61 22 53 11 53 
51 31 31 15 23 
13 21 44 23 43 
43 31 15 12 41 
33 23 42 42 34 
24 12 23 54 42 
55 55 21 52 44 
14 35 54 51 51 
52 25 45 42 35 
51 44 23 13 11 
12 31 24 13 21 
32 12 45 51 41 
12 12 25 41 11 
53 43 34 52 12 
54 23 23 51 55 
24 44 22 22 11 
51 34 54 25 45 
54 12 51 13 32 
53 54 43 42 52 
35 44 21 25 45 
51 31 33 31 35 
61 12 24 51 13 
34 41 51 45 34 
13 61 44 33 43 
11 53 44 21 35 
21 45 22 14 22 
42 13 55 34 42 
24 61 24 52 32 
12 15 32 42 13 
12 35 55 13 31 
53 54 41 51 34 
11 15 21 24 42 
51 13 12 53 12 
14 45 12 44 33 
54 44 21 43 23 
42 24 44 23 53 
44 12 15 43 61 
45 52 55 51 24 
44 31 22 22 43 
25 33 54 32 15 
55 31 53 61 11 
54 12 55 34 43 
14 54 12 23 11 
32 11 51 12 14 
11 51 52 61 54 
51 51 51 11 55 
42 52 35 21 24 
55 55 34 61 51 
11 43 43 24 21 
33 33 45 54 31 
44 32 34 12 25 
31 15 25 15 54 
31 15 35 51 34 
24 34 43 32 14 
34 42 53 53 23 
32 11 25 42 33 
45 45 43 53 61 
51 51 11 54 54 
42 55 42 54 52 
41 52 53 22 14 
61 15 34 23 44 
21 42 22 35 33 
25 34 31 22 22 
12 21 34 13 25 
12 54 44 21 35 
24 34 11 35 12 
23 54 33 54 15 
15 44 31 11 43 
35 13 34 12 23 
43 25 22 43 13 
54 25 22 55 42 
34 25 42 34 61 
14 42 52 41 15 
33 44 15 12 23 
53 12 13 54 44 
24 33 34 51 53 
35 61 53 15 44 
42 51 54 23 22 
45 25 61 51 23 
32 35 51 61 15 
45 45 23 51 15 
33 42 23 22 15 
24 15 54 61 61 
13 41 34 52 45 
43 31 32 52 51 
14 61 33 54 53 
12 24 54 53 55 
31 15 52 25 55 
12 34 43 43 15 
25 53 12 12 13 
11 51 23 61 31 
