24 13 45 21 45 
45 53 61 61 15 
25 13 35 42 52 
41 34 23 61 44 
43 35 31 55 11 
51 42 32 42 54 
31 35 43 35 43 
32 35 12 14 42 
33 13 14 23 24 
35 41 53 33 45 
15 55 52 33 12 
15 11 41 23 13 
45 31 24 42 43 
44 34 23 53 34 
33 44 22 44 42 
33 22 32 24 35 
32 14 35 41 55 
12 31 14 54 13 
43 53 21 13 15 
13 43 14 23 55 
31 23 31 14 32 
41 22 21 34 15 
44 31 31 14 54 
51 22 24 24 12 
44 43 32 43 25 
32 43 52 53 31 
42 11 33 11 51 
23 32 33 42 24 
53 44 55 51 43 
23 15 51 24 44 
24 61 32 15 41 
54 54 21 22 34 
15 22 15 23 13 
55 55 53 22 25 
24 23 31 44 52 
41 21 31 31 13 
24 23 55 52 32 
34 22 21 14 51 
14 24 21 15 23 
33 32 44 61 31 
21 23 44 15 24 
41 42 22 45 11 
41 45 61 45 51 
11 15 22 34 55 
33 14 41 11 21 
52 15 45 21 43 
23 61 24 35 22 
61 24 21 45 15 
15 42 33 41 51 
21 55 22 34 43 
31 32 12 25 61 
53 51 61 25 12 
12 53 11 32 15 
32 23 23 53 31 
55 52 55 61 21 
14 15 35 15 45 
55 23 55 12 42 
51 23 45 44 24 
12 44 32 21 23 
12 42 34 23 54 
25 52 32 52 15 
22 22 42 11 21 
41 34 24 35 24 
11 22 41 32 43 
45 51 25 24 13 
41 31 54 23 44 
25 52 44 31 45 
21 45 55 52 14 
41 22 52 25 61 
35 15 33 34 31 
25 14 22 61 43 
22 32 42 22 13 
23 15 23 35 21 
23 31 12 12 55 
24 31 24 31 61 
13 21 22 23 35 
53 23 13 14 45 
11 42 25 54 32 
35 11 32 24 61 
34 52 15 23 31 
43 13 14 11 61 
34 45 15 41 44 
41 15 23 24 11 
15 42 31 22 54 
51 21 35 23 43 
22 25 32 22 44 
13 24 24 55 21 
54 25 33 22 54 
42 55 53 24 31 
14 33 32 54 25 
61 53 32 45 42 
25 61 45 45 34 
32 53 43 34 32 
31 33 61 55 55 
35 25 45 13 22 
12 34 21 21 25 
35 23 25 25 42 
34 31 53 35 61 
42 51 11 42 43 
21 61 14 32 33 
