53 24 54 32 14 
34 22 31 51 54 
13 42 34 22 55 
13 15 55 25 21 
55 21 31 33 12 
11 51 51 44 55 
31 53 11 44 24 
52 52 21 23 35 
42 45 32 23 52 
55 14 31 61 52 
54 12 53 11 55 
43 13 11 41 12 
21 23 22 41 15 
51 24 13 52 42 
35 44 44 21 21 
51 21 34 11 53 
31 33 53 31 32 
11 52 45 15 42 
12 55 42 34 23 
45 51 32 55 25 
53 54 53 13 44 
21 21 13 32 15 
23 22 21 15 52 
33 23 15 53 21 
23 32 25 21 52 
32 35 41 24 61 
61 14 21 55 43 
52 22 22 33 35 
54 51 12 24 22 
43 15 61 35 13 
51 25 12 54 41 
25 24 31 23 51 
35 42 35 53 44 
53 23 55 35 11 
61 12 13 34 51 
11 25 45 61 44 
24 45 43 33 25 
32 35 33 35 31 
61 25 55 12 22 
35 22 44 25 22 
41 23 21 24 24 
41 34 52 55 34 
42 53 11 23 15 
35 54 24 35 31 
31 45 11 14 54 
25 15 12 55 53 
41 54 44 21 41 
35 44 34 55 44 
25 22 24 22 14 
32 54 21 24 43 
41 33 55 32 11 
54 25 53 45 23 
23 22 13 61 44 
11 52 34 15 51 
15 22 42 35 31 
35 52 43 55 14 
43 51 31 11 52 
53 15 54 51 42 
25 25 35 44 61 
52 34 42 41 61 
21 13 12 51 35 
51 61 42 15 51 
13 44 61 11 43 
35 15 21 24 55 
12 14 53 32 51 
51 51 52 13 51 
54 31 11 53 51 
31 24 53 45 54 
22 25 43 33 14 
22 34 44 61 35 
52 32 52 32 21 
13 52 55 43 44 
45 11 31 61 25 
42 23 42 23 33 
41 33 24 13 55 
44 43 13 41 42 
45 14 44 55 61 
11 55 25 54 33 
44 12 24 13 34 
21 55 11 12 22 
43 15 35 21 43 
45 12 22 33 12 
25 53 55 55 33 
12 34 15 45 42 
21 22 35 12 42 
15 25 23 43 33 
44 44 55 43 45 
35 13 24 11 61 
25 55 22 44 15 
61 34 61 33 23 
11 54 32 53 11 
32 21 44 34 53 
53 14 41 41 11 
53 41 45 11 13 
41 25 12 23 53 
31 14 23 22 44 
33 53 55 32 55 
13 31 25 42 21 
23 25 42 54 24 
45 45 42 34 42 
