15 24 52 53 53 
52 41 11 45 41 
61 33 45 45 22 
21 33 52 35 44 
52 33 44 14 41 
53 14 45 33 61 
35 55 13 24 15 
24 55 45 33 22 
14 21 33 13 42 
61 14 51 31 61 
51 55 23 13 45 
45 43 24 51 35 
13 54 23 51 45 
43 25 53 14 61 
54 45 13 43 55 
23 45 13 13 43 
23 14 32 32 34 
25 51 24 52 33 
51 45 21 25 22 
21 52 61 15 23 
54 45 52 45 11 
43 53 52 51 14 
51 31 44 42 23 
55 53 22 61 33 
54 21 41 23 24 
43 53 15 22 52 
44 21 22 21 11 
44 15 45 14 31 
35 53 13 54 41 
15 33 33 53 24 
22 25 14 52 55 
43 22 61 12 61 
32 51 55 44 11 
11 32 35 45 33 
54 34 14 45 15 
42 45 51 25 33 
54 12 43 54 42 
52 61 12 53 25 
24 41 33 24 45 
22 43 14 44 14 
22 61 22 54 13 
42 23 41 34 34 
45 35 53 11 23 
23 33 55 31 22 
11 44 52 31 15 
61 12 23 12 51 
35 44 41 24 15 
41 32 43 55 53 
41 32 11 15 41 
52 41 55 11 45 
31 54 11 42 55 
21 22 15 33 21 
44 42 13 44 53 
52 61 35 25 52 
53 25 22 45 15 
23 45 14 35 42 
42 61 15 32 45 
14 53 41 42 45 
35 13 44 33 42 
61 45 43 11 23 
45 34 33 61 43 
25 41 43 61 15 
45 55 11 54 21 
42 45 23 35 55 
53 12 55 33 52 
51 22 34 43 51 
53 41 23 44 43 
51 61 11 54 35 
32 43 22 32 41 
41 21 53 14 22 
54 43 51 51 52 
35 15 13 31 11 
31 11 23 33 34 
22 52 15 55 13 
51 53 32 45 44 
35 33 31 43 31 
31 14 32 44 11 
53 43 43 24 61 
11 22 61 54 53 
15 31 15 15 23 
61 32 53 33 13 
35 41 24 42 45 
34 53 23 15 61 
24 32 43 44 41 
55 35 23 53 15 
13 13 44 21 13 
44 44 25 42 44 
12 54 54 32 31 
14 12 52 12 24 
32 51 32 44 14 
25 35 25 24 53 
22 43 34 33 42 
52 15 35 41 45 
34 13 21 11 54 
52 55 43 51 42 
35 11 21 53 31 
11 23 42 22 51 
15 53 45 12 12 
45 11 43 51 34 
15 54 43 52 14 
