35 35 45 24 11 
45 11 13 21 12 
45 44 11 51 41 
12 53 25 35 11 
43 45 45 23 43 
34 45 13 53 35 
21 55 25 21 14 
53 61 11 13 34 
42 53 45 53 14 
12 15 45 24 51 
13 13 53 61 32 
32 22 13 11 41 
34 33 31 51 51 
25 22 34 61 13 
43 44 13 15 23 
32 24 13 35 44 
53 11 24 24 32 
42 12 24 15 13 
12 42 11 32 53 
44 11 25 55 23 
55 11 13 51 12 
61 24 31 44 34 
51 11 53 43 53 
34 45 51 54 55 
34 51 55 55 23 
14 22 21 43 55 
24 23 32 55 32 
41 15 51 34 13 
44 31 21 42 31 
51 54 61 22 53 
15 51 52 14 32 
43 32 14 31 55 
22 14 41 43 22 
32 55 13 53 51 
12 41 33 25 42 
21 54 44 41 35 
31 41 51 45 11 
41 35 43 53 52 
12 31 55 22 45 
44 34 24 22 24 
25 11 11 32 14 
21 31 55 21 34 
41 22 61 55 13 
44 41 25 54 54 
14 31 14 54 25 
32 12 14 15 15 
11 54 53 52 33 
42 32 45 54 11 
15 53 61 51 44 
33 12 32 24 11 
15 25 43 44 11 
21 34 12 42 32 
32 55 53 34 42 
42 13 44 45 34 
55 41 24 15 35 
12 12 12 43 34 
45 13 53 22 11 
13 35 12 53 41 
31 45 32 53 21 
54 33 24 33 51 
53 51 42 33 61 
32 51 55 41 52 
51 45 25 61 42 
22 31 55 61 33 
14 22 14 31 42 
11 35 21 31 51 
22 33 13 61 43 
52 43 61 54 44 
44 14 23 22 51 
33 22 24 55 51 
45 24 53 41 25 
43 61 44 45 21 
32 42 42 45 45 
33 43 35 55 13 
14 42 34 52 32 
12 35 14 11 42 
51 42 43 55 32 
24 41 25 21 55 
22 44 44 22 41 
15 12 32 45 55 
15 11 51 14 15 
41 33 51 52 23 
33 35 61 44 21 
52 44 33 31 53 
24 42 35 41 44 
13 52 44 12 15 
35 23 24 24 23 
25 12 11 31 13 
61 41 45 41 52 
55 42 42 45 21 
33 31 33 11 15 
35 43 35 43 45 
11 31 22 25 44 
41 42 54 23 54 
22 44 61 45 11 
52 35 11 35 24 
44 23 54 51 32 
25 31 24 12 32 
61 21 55 55 53 
24 24 13 51 52 
