45 51 44 41 55 
23 55 53 21 32 
53 45 51 53 25 
43 41 41 25 53 
21 25 43 12 55 
33 21 41 53 23 
23 32 21 12 55 
33 51 33 23 61 
33 51 14 13 41 
42 24 24 11 43 
33 55 54 11 23 
34 54 61 14 44 
41 25 61 55 13 
43 15 24 61 61 
13 45 34 22 25 
44 25 15 45 31 
25 42 25 61 21 
54 12 33 12 53 
21 51 45 53 41 
21 45 41 23 44 
13 41 55 53 31 
21 12 45 42 25 
12 15 33 15 24 
51 22 14 53 21 
24 42 54 51 15 
24 35 13 34 53 
34 13 32 35 55 
11 11 43 54 52 
54 24 34 32 61 
15 52 25 23 55 
34 43 25 55 55 
33 41 12 22 15 
32 34 32 31 13 
11 51 32 34 41 
54 13 34 54 55 
33 13 41 34 12 
15 14 31 31 33 
12 61 54 53 44 
43 31 23 33 52 
23 55 61 53 12 
42 31 11 22 23 
15 15 21 15 41 
43 32 34 54 31 
55 31 41 33 55 
14 34 31 61 32 
43 31 33 35 31 
54 14 35 53 33 
43 33 32 35 23 
32 44 22 41 34 
24 11 54 61 13 
43 35 52 55 55 
33 21 44 61 53 
42 22 25 42 14 
24 43 15 35 25 
34 11 44 33 14 
42 45 54 35 51 
43 31 31 13 24 
33 43 13 61 33 
25 13 22 52 45 
24 33 21 11 14 
53 45 23 31 14 
61 13 15 32 13 
43 53 15 15 12 
25 44 14 25 21 
25 15 24 13 32 
61 52 52 33 31 
14 12 24 43 35 
34 32 43 61 21 
11 35 25 35 12 
61 43 34 11 14 
41 35 53 23 24 
45 51 21 21 44 
12 13 45 43 11 
44 53 14 41 45 
34 23 44 31 14 
22 14 54 45 54 
11 51 54 54 41 
44 33 42 11 41 
52 12 32 31 23 
21 61 34 21 25 
11 22 21 15 14 
43 11 31 54 51 
32 41 42 13 51 
54 42 51 52 42 
41 21 55 55 42 
33 13 42 51 32 
51 45 54 45 13 
55 53 12 42 44 
23 34 15 32 13 
22 51 43 45 54 
44 55 23 42 15 
13 21 22 52 13 
25 31 61 43 31 
55 14 42 43 21 
13 45 43 21 34 
52 15 43 31 24 
54 44 13 55 25 
51 45 25 11 15 
35 23 24 43 35 
31 21 32 53 13 
