43 33 22 33 33 
43 52 23 44 45 
52 52 11 61 61 
24 41 44 23 11 
21 12 52 13 33 
34 25 34 43 25 
21 21 55 52 25 
31 25 12 31 45 
23 35 23 52 43 
61 45 61 22 11 
15 54 34 24 51 
22 55 61 54 53 
21 54 51 54 43 
51 14 52 33 52 
44 41 22 31 41 
14 14 12 34 52 
54 54 14 43 44 
51 51 11 13 45 
15 51 15 25 11 
33 33 32 42 55 
22 61 52 13 14 
43 34 41 55 51 
31 52 21 41 44 
53 52 53 21 22 
13 33 21 22 53 
51 33 11 55 53 
31 13 53 11 31 
51 12 14 52 23 
55 24 43 15 41 
13 32 55 53 11 
53 42 11 11 54 
14 34 13 34 13 
14 13 21 21 23 
21 42 15 24 45 
23 55 42 25 44 
41 31 61 14 45 
55 33 54 43 22 
31 25 14 34 52 
21 34 13 53 23 
51 14 31 23 32 
32 34 15 34 44 
12 42 24 32 22 
25 12 23 11 14 
24 52 15 22 25 
15 23 44 14 15 
13 15 24 51 52 
42 22 43 31 21 
55 51 21 43 12 
24 22 21 12 61 
22 25 51 55 12 
53 53 11 52 14 
15 53 14 54 45 
14 23 43 21 13 
11 53 43 32 14 
11 53 24 42 13 
45 55 11 54 31 
33 42 24 14 13 
14 53 21 32 44 
15 44 31 21 45 
53 34 61 43 41 
31 51 54 24 44 
13 34 22 32 61 
21 22 13 13 14 
13 23 24 54 54 
34 61 31 31 22 
24 24 33 43 51 
24 15 15 41 24 
34 55 23 13 51 
34 51 41 41 53 
23 44 44 13 15 
52 61 21 51 11 
31 25 13 54 41 
14 34 21 32 15 
12 13 45 12 42 
33 21 42 51 21 
51 61 12 12 42 
44 44 51 12 33 
54 25 13 23 35 
45 43 53 21 25 
21 44 22 54 52 
54 33 34 43 44 
44 54 12 24 34 
42 25 45 52 23 
21 52 43 23 23 
35 23 14 14 31 
53 61 52 13 51 
15 12 55 51 21 
54 41 24 54 61 
42 44 55 13 43 
21 61 54 32 43 
35 41 44 23 34 
54 11 45 33 22 
14 43 42 34 44 
31 15 12 41 21 
43 44 52 14 25 
12 41 43 43 33 
15 22 24 25 33 
11 31 43 51 34 
53 61 12 45 51 
51 21 43 34 24 
