54 21 54 54 61 
14 23 24 42 55 
12 21 61 32 25 
41 35 23 44 35 
52 11 11 24 22 
15 13 32 54 23 
22 53 24 34 12 
23 23 61 32 22 
35 45 24 15 14 
33 11 23 13 15 
24 41 34 32 34 
52 24 41 44 53 
53 31 41 41 41 
31 22 31 21 52 
15 33 31 13 13 
53 53 43 21 35 
14 31 12 35 53 
32 52 11 41 24 
12 33 12 53 61 
44 45 21 31 31 
34 13 21 31 23 
31 23 43 53 52 
34 51 22 41 32 
45 55 33 22 12 
42 53 13 43 52 
35 12 14 25 23 
35 33 15 53 34 
43 41 33 43 11 
13 52 34 42 34 
32 23 15 45 43 
23 21 61 43 32 
52 23 15 15 24 
41 12 24 15 35 
41 53 15 54 43 
34 31 32 32 31 
53 35 35 23 42 
61 25 52 53 55 
33 12 11 41 12 
54 32 42 14 12 
25 52 54 12 21 
61 41 54 24 31 
44 33 25 42 45 
11 41 12 13 53 
12 11 61 53 22 
31 15 45 45 44 
41 11 33 11 34 
51 41 53 41 43 
54 53 35 22 14 
51 25 35 15 13 
23 61 55 52 21 
22 15 35 31 43 
34 52 23 43 22 
31 13 23 24 43 
44 24 42 23 24 
13 35 53 11 61 
34 51 14 31 23 
13 31 25 24 55 
23 33 55 24 13 
15 35 23 61 13 
52 43 35 15 15 
25 54 13 41 22 
32 45 21 51 12 
14 11 41 35 11 
45 42 51 14 45 
35 51 35 44 15 
11 51 25 54 44 
54 11 25 51 55 
33 42 51 31 53 
15 14 55 33 22 
61 25 23 31 22 
33 41 24 35 51 
54 22 45 55 32 
12 42 12 55 12 
42 24 51 25 45 
14 54 12 55 54 
21 12 22 12 35 
43 52 15 55 25 
14 12 43 15 53 
12 21 43 32 14 
52 13 55 52 11 
21 12 51 43 31 
25 42 33 35 51 
12 41 43 34 43 
45 44 15 42 31 
25 42 52 41 31 
32 13 32 12 21 
42 32 14 55 52 
54 53 35 41 34 
52 23 53 33 61 
51 33 12 35 41 
11 34 23 15 54 
34 44 24 55 42 
51 43 51 45 22 
23 45 11 25 45 
61 44 33 41 42 
42 13 41 33 53 
44 22 42 44 15 
33 53 51 24 25 
43 25 11 53 54 
12 35 14 15 23 
