24 33 11 33 13 
35 33 24 55 43 
12 44 24 34 14 
55 32 13 51 21 
53 51 45 41 21 
23 45 21 45 41 
51 33 41 21 31 
34 31 35 52 11 
52 51 13 61 35 
61 31 43 34 24 
25 12 54 43 53 
51 24 61 31 23 
35 35 22 54 13 
55 14 22 34 55 
11 23 13 61 41 
25 32 53 11 25 
34 54 11 55 41 
61 12 32 33 15 
44 33 14 61 42 
44 24 12 53 12 
52 45 51 33 51 
33 51 44 42 43 
55 42 11 61 35 
13 31 35 61 22 
22 53 12 41 12 
13 21 42 61 23 
34 11 23 13 55 
25 21 25 45 52 
42 55 54 45 11 
42 61 31 41 22 
54 12 53 13 61 
12 23 43 45 32 
12 44 34 45 31 
11 32 44 22 11 
53 33 23 43 22 
11 15 25 61 24 
24 24 45 44 41 
61 53 13 13 31 
25 42 13 14 12 
11 12 43 12 61 
44 14 61 55 15 
34 55 55 12 55 
43 52 24 22 25 
22 15 33 24 51 
33 11 15 43 24 
21 25 53 44 31 
52 53 21 43 43 
53 11 35 22 44 
13 24 31 54 11 
34 14 33 53 32 
43 55 22 41 21 
45 12 14 11 61 
31 33 42 12 35 
44 14 61 61 45 
31 25 55 43 44 
13 61 11 54 41 
54 24 33 11 25 
42 61 53 23 43 
24 21 15 21 42 
21 32 61 15 15 
41 43 24 35 21 
32 31 52 24 51 
55 41 25 41 23 
24 13 32 55 35 
51 12 11 13 12 
52 21 13 31 21 
43 55 35 51 32 
45 25 34 32 53 
55 12 13 15 45 
41 15 44 11 13 
21 35 21 31 31 
54 55 22 12 34 
32 53 21 22 41 
32 22 31 45 61 
32 42 51 12 22 
31 53 33 12 45 
53 14 41 25 33 
55 25 52 42 12 
51 33 44 35 53 
43 32 11 24 23 
55 54 53 51 33 
12 24 22 22 11 
53 61 44 51 22 
32 12 11 14 45 
11 35 54 31 61 
25 51 15 25 35 
44 25 42 42 55 
22 32 44 52 25 
41 23 42 51 12 
35 15 35 33 45 
61 15 25 53 11 
23 21 33 51 15 
44 33 33 22 21 
15 25 22 41 61 
35 12 61 31 44 
52 13 33 54 51 
23 43 13 24 23 
45 14 13 24 22 
14 54 32 11 41 
55 35 52 22 15 
