23 24 45 42 25 
45 25 61 41 61 
53 22 61 14 53 
55 61 41 32 13 
44 31 24 24 43 
42 14 55 15 22 
53 45 53 24 53 
22 42 23 43 23 
21 54 41 34 15 
12 51 51 51 15 
11 54 51 55 22 
42 14 23 35 22 
11 12 13 44 52 
25 45 61 15 11 
11 53 11 43 52 
34 21 11 21 25 
15 23 44 41 21 
21 43 41 35 41 
44 22 54 51 13 
13 51 33 52 35 
41 61 15 34 44 
12 44 45 24 32 
32 61 42 53 32 
61 13 53 33 21 
31 23 12 34 44 
55 44 41 54 44 
43 24 61 41 22 
32 32 13 44 21 
23 34 33 54 13 
55 21 43 31 24 
61 31 53 52 42 
35 33 15 61 11 
13 25 25 25 34 
54 35 33 41 55 
51 13 32 24 12 
22 33 23 54 55 
15 42 21 15 23 
61 13 21 33 24 
22 35 22 14 44 
45 61 15 21 61 
51 13 61 55 25 
52 53 31 55 45 
31 42 21 12 61 
11 13 45 51 24 
12 52 31 32 45 
12 52 14 31 23 
32 51 24 12 34 
24 43 34 25 52 
42 11 44 55 31 
21 61 14 14 52 
31 15 51 25 24 
54 44 53 11 32 
31 35 35 42 12 
32 33 13 41 35 
61 41 45 61 53 
44 11 45 61 44 
12 14 31 53 32 
13 13 12 41 61 
54 32 61 15 23 
34 53 32 22 11 
32 14 45 44 22 
41 54 34 53 12 
55 31 15 55 41 
52 11 41 55 22 
23 12 45 51 32 
13 44 33 14 55 
25 51 54 33 31 
54 25 52 11 25 
41 15 45 12 23 
24 54 31 24 22 
23 43 53 55 43 
44 25 13 35 15 
31 15 21 53 51 
13 61 41 34 14 
23 33 41 45 23 
11 41 53 12 53 
51 11 43 55 51 
34 23 33 35 23 
45 55 61 22 24 
11 14 53 25 24 
51 53 24 22 12 
43 42 24 25 45 
51 53 53 52 54 
54 21 53 61 22 
35 52 52 32 22 
13 24 41 33 53 
61 14 54 34 21 
12 15 53 51 41 
31 51 25 34 35 
24 61 13 45 55 
12 51 45 25 45 
43 14 11 51 12 
55 54 11 15 21 
21 34 51 32 42 
13 15 34 55 44 
13 25 15 45 61 
11 43 15 51 13 
52 61 61 14 61 
54 11 53 53 14 
35 45 13 55 33 
