22 32 51 52 43 
44 24 31 42 14 
24 13 22 33 33 
52 32 53 52 21 
45 22 24 33 11 
45 52 25 44 61 
23 34 61 44 12 
24 14 25 24 53 
23 22 12 15 61 
52 23 22 44 25 
45 23 14 51 54 
13 21 21 42 61 
34 43 32 33 55 
43 51 52 22 12 
43 14 53 43 25 
43 25 51 21 44 
13 14 45 34 45 
45 42 22 53 32 
55 25 25 21 22 
33 11 42 31 55 
13 55 31 11 35 
21 33 21 45 55 
41 52 11 52 14 
41 33 52 32 31 
33 53 12 25 13 
21 22 22 31 45 
42 22 42 54 24 
53 44 11 45 42 
23 15 43 25 45 
35 53 23 54 54 
42 44 11 61 42 
31 51 31 14 13 
41 41 44 54 15 
41 34 43 23 45 
14 41 12 35 15 
52 24 14 35 13 
55 45 13 33 31 
14 12 51 61 41 
12 12 31 41 25 
32 54 42 45 25 
35 53 31 14 44 
42 22 15 15 43 
25 41 14 54 23 
15 25 13 13 31 
12 23 55 42 51 
35 44 55 45 21 
23 51 12 13 42 
15 61 55 33 42 
44 54 14 53 14 
32 35 43 31 45 
61 55 54 61 43 
25 25 51 21 33 
32 54 14 45 34 
24 22 35 44 31 
35 32 35 25 11 
23 43 52 41 54 
52 25 12 21 55 
34 14 33 25 11 
42 61 23 12 51 
53 14 22 53 11 
11 14 44 31 54 
32 31 51 35 53 
43 44 54 23 33 
53 31 12 53 53 
44 52 31 41 34 
44 53 23 11 24 
44 52 53 35 12 
21 11 61 13 35 
14 11 22 14 13 
13 22 44 15 21 
22 15 53 54 42 
31 41 25 51 43 
21 21 14 33 34 
24 12 21 23 41 
14 21 21 34 11 
42 41 41 15 55 
54 13 14 33 11 
25 31 35 35 33 
44 24 35 24 13 
13 13 52 24 42 
33 43 21 35 35 
35 12 25 55 13 
61 23 23 61 21 
51 21 41 11 41 
25 42 34 55 23 
45 25 13 44 44 
25 41 24 45 22 
35 45 15 43 23 
43 33 53 45 54 
43 11 11 45 23 
51 32 55 42 43 
42 22 23 61 15 
12 51 31 11 24 
45 35 41 22 33 
51 41 55 34 12 
61 15 22 14 14 
12 54 44 55 54 
15 35 35 15 24 
11 31 13 22 61 
33 11 45 25 55 
