34 44 11 32 33 
54 22 22 41 24 
54 42 44 11 22 
43 21 22 52 22 
34 52 51 34 14 
33 24 33 25 23 
44 55 11 21 61 
31 15 21 54 21 
54 15 45 31 53 
21 12 12 31 15 
51 11 15 54 35 
15 45 34 51 45 
43 34 51 23 25 
52 34 51 33 44 
55 12 53 42 51 
11 35 43 43 24 
43 13 13 55 52 
44 23 44 35 22 
61 24 34 12 14 
43 55 33 22 45 
41 32 51 12 43 
21 24 35 34 32 
61 52 33 23 21 
35 25 14 51 21 
23 53 23 51 43 
51 22 41 33 31 
35 12 42 15 22 
51 33 24 61 34 
11 33 14 31 22 
21 13 25 33 24 
22 41 21 23 11 
31 14 54 43 15 
31 33 53 15 61 
52 31 12 42 25 
54 45 11 61 24 
12 31 25 41 12 
15 32 22 42 42 
35 22 41 21 45 
14 34 32 13 22 
45 35 43 32 55 
51 11 33 23 32 
53 13 11 13 33 
54 51 54 13 44 
21 15 21 14 55 
25 43 61 25 12 
11 53 45 52 21 
31 43 41 35 31 
25 61 41 23 22 
44 15 12 33 54 
35 34 35 25 32 
43 55 34 41 44 
55 54 21 22 35 
12 22 25 41 52 
34 15 61 33 23 
43 34 22 12 44 
35 54 15 61 44 
53 43 55 15 51 
55 21 55 55 31 
44 23 53 54 22 
15 45 51 31 34 
41 51 15 12 15 
32 22 42 32 11 
53 24 15 43 53 
11 24 12 12 61 
44 32 33 43 61 
34 51 21 31 21 
31 53 35 24 14 
21 51 34 13 32 
32 44 45 12 61 
14 14 55 61 31 
25 35 52 12 44 
34 24 55 22 45 
32 34 51 53 21 
61 32 13 61 13 
43 25 24 54 51 
21 43 31 51 23 
43 24 15 21 34 
44 44 15 53 21 
44 35 35 33 45 
44 31 23 31 55 
54 35 31 31 15 
41 21 43 45 13 
33 44 22 52 15 
23 25 44 13 44 
43 15 45 51 12 
24 23 41 54 32 
55 14 23 55 42 
32 31 11 32 35 
23 35 61 34 55 
33 14 23 25 15 
21 45 35 15 13 
14 11 13 15 23 
34 41 15 14 11 
14 15 44 44 25 
34 61 22 61 43 
44 22 53 42 35 
61 53 11 33 21 
54 33 53 35 12 
52 14 34 31 32 
14 52 35 14 13 
