12 23 23 33 21 
34 25 42 45 32 
11 43 54 54 51 
61 61 11 15 11 
51 52 22 44 25 
32 54 21 44 33 
54 14 45 33 35 
33 53 11 25 13 
35 42 14 44 14 
41 21 24 35 15 
33 43 33 31 22 
13 61 15 54 13 
32 31 44 53 13 
23 25 14 25 52 
25 33 13 44 13 
23 23 45 23 23 
21 15 14 32 11 
32 45 51 42 33 
25 52 55 41 35 
52 14 32 51 53 
55 51 25 32 15 
35 43 42 31 45 
31 55 43 43 42 
34 12 52 11 11 
34 32 31 51 22 
15 42 15 42 45 
23 15 45 55 51 
15 14 34 12 12 
12 43 52 21 24 
15 34 53 13 15 
12 42 14 42 34 
14 43 31 41 11 
51 22 35 44 21 
34 44 23 41 41 
13 13 61 34 21 
11 23 31 34 31 
23 61 31 35 42 
54 51 23 11 61 
55 52 45 43 44 
32 42 12 22 23 
11 13 23 61 25 
44 15 21 15 61 
55 21 45 11 32 
42 25 61 14 51 
44 55 11 41 52 
24 53 31 51 61 
55 13 24 21 53 
55 21 61 43 35 
15 52 13 44 43 
41 33 22 35 41 
34 32 44 51 42 
54 34 11 32 45 
14 23 35 42 23 
61 42 13 44 61 
11 31 61 42 35 
35 53 23 53 35 
15 35 13 11 33 
41 61 35 23 42 
43 11 24 35 54 
45 42 13 45 13 
42 21 24 31 52 
44 61 24 53 31 
32 11 34 33 42 
32 41 51 52 42 
11 41 31 23 44 
34 34 33 32 52 
42 23 22 22 43 
15 45 11 43 42 
21 11 25 21 54 
45 15 34 61 22 
61 15 11 23 55 
22 14 52 44 12 
51 52 14 55 35 
42 31 52 43 22 
13 25 35 15 12 
14 53 25 22 11 
24 52 45 21 55 
23 15 55 45 24 
13 52 24 13 45 
51 42 22 24 35 
24 35 35 14 52 
42 35 23 44 41 
45 45 24 45 32 
33 55 25 45 21 
33 42 25 14 14 
54 21 25 32 42 
61 54 13 11 34 
15 61 25 61 23 
14 61 55 23 35 
34 34 44 34 33 
14 21 13 54 34 
42 13 45 43 54 
53 23 22 44 24 
51 34 55 14 44 
15 24 21 43 61 
14 14 22 21 24 
24 51 32 35 15 
54 41 22 44 25 
11 11 34 52 41 
43 43 61 21 45 
