15 53 13 21 14 
25 21 13 15 51 
54 15 53 22 24 
51 53 32 61 55 
53 14 23 33 42 
44 51 12 11 23 
44 54 12 23 22 
42 13 14 45 44 
54 13 41 45 61 
41 22 13 54 42 
61 23 45 31 61 
54 15 43 35 32 
11 15 31 52 23 
14 22 12 52 43 
44 51 41 32 52 
41 13 51 45 22 
32 14 51 25 32 
34 31 33 55 61 
21 54 31 12 51 
14 53 42 41 33 
24 55 32 51 23 
13 32 42 32 23 
11 11 35 53 54 
25 52 13 11 23 
13 33 43 23 32 
35 52 11 13 33 
12 25 14 14 15 
22 32 52 41 51 
11 54 22 21 53 
43 45 21 44 61 
22 41 52 51 24 
51 22 32 14 34 
43 15 42 13 51 
34 32 54 25 55 
33 44 12 24 35 
52 34 11 54 23 
34 12 44 25 35 
23 15 21 25 31 
11 54 61 25 23 
61 11 61 52 41 
41 32 22 43 11 
41 11 22 32 13 
35 21 44 43 11 
23 23 42 54 53 
61 15 45 22 25 
35 14 25 61 21 
44 54 43 25 52 
31 41 41 41 22 
22 15 52 44 32 
34 15 34 25 35 
42 14 45 12 41 
54 15 44 33 31 
13 22 52 41 33 
32 15 11 31 34 
25 22 44 24 53 
22 24 35 61 45 
41 24 32 35 22 
24 14 25 14 21 
51 54 12 23 11 
24 41 42 51 43 
33 42 32 33 53 
52 31 52 43 54 
53 33 24 44 32 
33 41 35 44 55 
52 42 42 34 33 
54 51 41 45 13 
61 43 34 11 11 
33 51 41 43 11 
21 52 54 23 15 
22 55 33 13 11 
25 51 44 54 54 
53 24 32 45 55 
21 13 53 24 44 
25 54 25 23 11 
14 25 43 43 15 
61 31 45 31 24 
13 54 12 23 54 
11 32 55 34 31 
31 42 54 45 22 
31 33 23 55 12 
25 52 43 22 15 
55 13 23 43 52 
44 35 23 33 52 
13 31 14 55 14 
15 32 31 13 54 
12 33 55 33 33 
45 44 51 61 11 
14 11 31 25 22 
54 55 54 42 35 
54 42 33 41 23 
42 13 23 54 11 
21 42 14 61 22 
44 53 34 32 45 
45 31 34 31 23 
53 21 42 52 55 
13 15 25 33 25 
23 41 53 15 35 
12 41 33 44 32 
35 52 35 33 42 
13 14 11 11 12 
